   0.17866E-01    0.83570E+00    0.98577E-01    0.53724E+02
   0.17866E-01    0.83570E+00    0.98577E-01    0.53724E+02
   0.17866E-01    0.83570E+00    0.98577E-01    0.53724E+02
   0.17866E-01    0.83570E+00    0.98577E-01    0.53724E+02
   0.17866E-01    0.83570E+00    0.98577E-01    0.53724E+02
  -0.42134E-01    0.77570E+00    0.38577E-01    0.50724E+02
  -0.42134E-01    0.77570E+00    0.38577E-01    0.50724E+02
  -0.42134E-01    0.77570E+00    0.38577E-01    0.50724E+02
  -0.42134E-01    0.77570E+00    0.38577E-01    0.50724E+02
  -0.42134E-01    0.77570E+00    0.38577E-01    0.50724E+02
  -0.41057E-01    0.84488E+00    0.45659E-01    0.50876E+02
  -0.41057E-01    0.84488E+00    0.45659E-01    0.50876E+02
  -0.41057E-01    0.84488E+00    0.45659E-01    0.50876E+02
  -0.41057E-01    0.84488E+00    0.45659E-01    0.50876E+02
  -0.41057E-01    0.84488E+00    0.45659E-01    0.50876E+02
  -0.44448E-01    0.71415E+00    0.34455E-01    0.50466E+02
  -0.44448E-01    0.71415E+00    0.34455E-01    0.50466E+02
  -0.44448E-01    0.71415E+00    0.34455E-01    0.50466E+02
  -0.44448E-01    0.71415E+00    0.34455E-01    0.50466E+02
  -0.44448E-01    0.71415E+00    0.34455E-01    0.50466E+02
  -0.44417E-01    0.70767E+00    0.37543E-01    0.50340E+02
  -0.44417E-01    0.70767E+00    0.37543E-01    0.50340E+02
  -0.44417E-01    0.70767E+00    0.37543E-01    0.50340E+02
  -0.44417E-01    0.70767E+00    0.37543E-01    0.50340E+02
  -0.44417E-01    0.70767E+00    0.37543E-01    0.50340E+02
  -0.43541E-01    0.73323E+00    0.42289E-01    0.50399E+02
  -0.43541E-01    0.73323E+00    0.42289E-01    0.50399E+02
  -0.43541E-01    0.73323E+00    0.42289E-01    0.50399E+02
  -0.43541E-01    0.73323E+00    0.42289E-01    0.50399E+02
  -0.43541E-01    0.73323E+00    0.42289E-01    0.50399E+02
  -0.41635E-01    0.79695E+00    0.48498E-01    0.50577E+02
  -0.41635E-01    0.79695E+00    0.48498E-01    0.50577E+02
  -0.41635E-01    0.79695E+00    0.48498E-01    0.50577E+02
  -0.41635E-01    0.79695E+00    0.48498E-01    0.50577E+02
  -0.41635E-01    0.79695E+00    0.48498E-01    0.50577E+02
  -0.38509E-01    0.90100E+00    0.55722E-01    0.50841E+02
  -0.38509E-01    0.90100E+00    0.55722E-01    0.50841E+02
  -0.38509E-01    0.90100E+00    0.55722E-01    0.50841E+02
  -0.38509E-01    0.90100E+00    0.55722E-01    0.50841E+02
  -0.38509E-01    0.90100E+00    0.55722E-01    0.50841E+02
  -0.34458E-01    0.10298E+01    0.61920E-01    0.51168E+02
  -0.34458E-01    0.10298E+01    0.61920E-01    0.51168E+02
  -0.34458E-01    0.10298E+01    0.61920E-01    0.51168E+02
  -0.34458E-01    0.10298E+01    0.61920E-01    0.51168E+02
  -0.34458E-01    0.10298E+01    0.61920E-01    0.51168E+02
  -0.30079E-01    0.11598E+01    0.65399E-01    0.51542E+02
  -0.30079E-01    0.11598E+01    0.65399E-01    0.51542E+02
  -0.30079E-01    0.11598E+01    0.65399E-01    0.51542E+02
  -0.30079E-01    0.11598E+01    0.65399E-01    0.51542E+02
  -0.30079E-01    0.11598E+01    0.65399E-01    0.51542E+02
  -0.26373E-01    0.12619E+01    0.65179E-01    0.51956E+02
  -0.26373E-01    0.12619E+01    0.65179E-01    0.51956E+02
  -0.26373E-01    0.12619E+01    0.65179E-01    0.51956E+02
  -0.26373E-01    0.12619E+01    0.65179E-01    0.51956E+02
  -0.26373E-01    0.12619E+01    0.65179E-01    0.51956E+02
  -0.24360E-01    0.13135E+01    0.61497E-01    0.52390E+02
  -0.24360E-01    0.13135E+01    0.61497E-01    0.52390E+02
  -0.24360E-01    0.13135E+01    0.61497E-01    0.52390E+02
  -0.24360E-01    0.13135E+01    0.61497E-01    0.52390E+02
  -0.24360E-01    0.13135E+01    0.61497E-01    0.52390E+02
  -0.24496E-01    0.13067E+01    0.55491E-01    0.52800E+02
  -0.24496E-01    0.13067E+01    0.55491E-01    0.52800E+02
  -0.24496E-01    0.13067E+01    0.55491E-01    0.52800E+02
  -0.24496E-01    0.13067E+01    0.55491E-01    0.52800E+02
  -0.24496E-01    0.13067E+01    0.55491E-01    0.52800E+02
  -0.26525E-01    0.12481E+01    0.48493E-01    0.53131E+02
  -0.26525E-01    0.12481E+01    0.48493E-01    0.53131E+02
  -0.26525E-01    0.12481E+01    0.48493E-01    0.53131E+02
  -0.26525E-01    0.12481E+01    0.48493E-01    0.53131E+02
  -0.26525E-01    0.12481E+01    0.48493E-01    0.53131E+02
  -0.29775E-01    0.11522E+01    0.41504E-01    0.53330E+02
  -0.29775E-01    0.11522E+01    0.41504E-01    0.53330E+02
  -0.29775E-01    0.11522E+01    0.41504E-01    0.53330E+02
  -0.29775E-01    0.11522E+01    0.41504E-01    0.53330E+02
  -0.29775E-01    0.11522E+01    0.41504E-01    0.53330E+02
  -0.33264E-01    0.10462E+01    0.36085E-01    0.53379E+02
  -0.33264E-01    0.10462E+01    0.36085E-01    0.53379E+02
  -0.33264E-01    0.10462E+01    0.36085E-01    0.53379E+02
  -0.33264E-01    0.10462E+01    0.36085E-01    0.53379E+02
  -0.33264E-01    0.10462E+01    0.36085E-01    0.53379E+02
  -0.36358E-01    0.95022E+00    0.33181E-01    0.53287E+02
  -0.36358E-01    0.95022E+00    0.33181E-01    0.53287E+02
  -0.36358E-01    0.95022E+00    0.33181E-01    0.53287E+02
  -0.36358E-01    0.95022E+00    0.33181E-01    0.53287E+02
  -0.36358E-01    0.95022E+00    0.33181E-01    0.53287E+02
  -0.39260E-01    0.85073E+00    0.30767E-01    0.53071E+02
  -0.39260E-01    0.85073E+00    0.30767E-01    0.53071E+02
  -0.39260E-01    0.85073E+00    0.30767E-01    0.53071E+02
  -0.39260E-01    0.85073E+00    0.30767E-01    0.53071E+02
  -0.39260E-01    0.85073E+00    0.30767E-01    0.53071E+02
  -0.41824E-01    0.75243E+00    0.28321E-01    0.52790E+02
  -0.41824E-01    0.75243E+00    0.28321E-01    0.52790E+02
  -0.41824E-01    0.75243E+00    0.28321E-01    0.52790E+02
  -0.41824E-01    0.75243E+00    0.28321E-01    0.52790E+02
  -0.41824E-01    0.75243E+00    0.28321E-01    0.52790E+02
  -0.43873E-01    0.66536E+00    0.25995E-01    0.52520E+02
  -0.43873E-01    0.66536E+00    0.25995E-01    0.52520E+02
  -0.43873E-01    0.66536E+00    0.25995E-01    0.52520E+02
  -0.43873E-01    0.66536E+00    0.25995E-01    0.52520E+02
  -0.43873E-01    0.66536E+00    0.25995E-01    0.52520E+02
  -0.45329E-01    0.59793E+00    0.24194E-01    0.52331E+02
  -0.45329E-01    0.59793E+00    0.24194E-01    0.52331E+02
  -0.45329E-01    0.59793E+00    0.24194E-01    0.52331E+02
  -0.45329E-01    0.59793E+00    0.24194E-01    0.52331E+02
  -0.45329E-01    0.59793E+00    0.24194E-01    0.52331E+02
  -0.46208E-01    0.55396E+00    0.23328E-01    0.52255E+02
  -0.46208E-01    0.55396E+00    0.23328E-01    0.52255E+02
  -0.46208E-01    0.55396E+00    0.23328E-01    0.52255E+02
  -0.46208E-01    0.55396E+00    0.23328E-01    0.52255E+02
  -0.46208E-01    0.55396E+00    0.23328E-01    0.52255E+02
  -0.46473E-01    0.53510E+00    0.23773E-01    0.52294E+02
  -0.46473E-01    0.53510E+00    0.23773E-01    0.52294E+02
  -0.46473E-01    0.53510E+00    0.23773E-01    0.52294E+02
  -0.46473E-01    0.53510E+00    0.23773E-01    0.52294E+02
  -0.46473E-01    0.53510E+00    0.23773E-01    0.52294E+02
  -0.46072E-01    0.54197E+00    0.25627E-01    0.52432E+02
  -0.46072E-01    0.54197E+00    0.25627E-01    0.52432E+02
  -0.46072E-01    0.54197E+00    0.25627E-01    0.52432E+02
  -0.46072E-01    0.54197E+00    0.25627E-01    0.52432E+02
  -0.46072E-01    0.54197E+00    0.25627E-01    0.52432E+02
  -0.44951E-01    0.57468E+00    0.28745E-01    0.52649E+02
  -0.44951E-01    0.57468E+00    0.28745E-01    0.52649E+02
  -0.44951E-01    0.57468E+00    0.28745E-01    0.52649E+02
  -0.44951E-01    0.57468E+00    0.28745E-01    0.52649E+02
  -0.44951E-01    0.57468E+00    0.28745E-01    0.52649E+02
  -0.43102E-01    0.63083E+00    0.32546E-01    0.52921E+02
  -0.43102E-01    0.63083E+00    0.32546E-01    0.52921E+02
  -0.43102E-01    0.63083E+00    0.32546E-01    0.52921E+02
  -0.43102E-01    0.63083E+00    0.32546E-01    0.52921E+02
  -0.43102E-01    0.63083E+00    0.32546E-01    0.52921E+02
  -0.40663E-01    0.70512E+00    0.36366E-01    0.53229E+02
  -0.40663E-01    0.70512E+00    0.36366E-01    0.53229E+02
  -0.40663E-01    0.70512E+00    0.36366E-01    0.53229E+02
  -0.40663E-01    0.70512E+00    0.36366E-01    0.53229E+02
  -0.40663E-01    0.70512E+00    0.36366E-01    0.53229E+02
  -0.37874E-01    0.78988E+00    0.39739E-01    0.53560E+02
  -0.37874E-01    0.78988E+00    0.39739E-01    0.53560E+02
  -0.37874E-01    0.78988E+00    0.39739E-01    0.53560E+02
  -0.37874E-01    0.78988E+00    0.39739E-01    0.53560E+02
  -0.37874E-01    0.78988E+00    0.39739E-01    0.53560E+02
  -0.35203E-01    0.87308E+00    0.42214E-01    0.53893E+02
  -0.35203E-01    0.87308E+00    0.42214E-01    0.53893E+02
  -0.35203E-01    0.87308E+00    0.42214E-01    0.53893E+02
  -0.35203E-01    0.87308E+00    0.42214E-01    0.53893E+02
  -0.35203E-01    0.87308E+00    0.42214E-01    0.53893E+02
  -0.33187E-01    0.94211E+00    0.43631E-01    0.54203E+02
  -0.33187E-01    0.94211E+00    0.43631E-01    0.54203E+02
  -0.33187E-01    0.94211E+00    0.43631E-01    0.54203E+02
  -0.33187E-01    0.94211E+00    0.43631E-01    0.54203E+02
  -0.33187E-01    0.94211E+00    0.43631E-01    0.54203E+02
  -0.32234E-01    0.98568E+00    0.43946E-01    0.54451E+02
  -0.32234E-01    0.98568E+00    0.43946E-01    0.54451E+02
  -0.32234E-01    0.98568E+00    0.43946E-01    0.54451E+02
  -0.32234E-01    0.98568E+00    0.43946E-01    0.54451E+02
  -0.32234E-01    0.98568E+00    0.43946E-01    0.54451E+02
  -0.32477E-01    0.99627E+00    0.43139E-01    0.54599E+02
  -0.32477E-01    0.99627E+00    0.43139E-01    0.54599E+02
  -0.32477E-01    0.99627E+00    0.43139E-01    0.54599E+02
  -0.32477E-01    0.99627E+00    0.43139E-01    0.54599E+02
  -0.32477E-01    0.99627E+00    0.43139E-01    0.54599E+02
  -0.33748E-01    0.97257E+00    0.41245E-01    0.54625E+02
  -0.33748E-01    0.97257E+00    0.41245E-01    0.54625E+02
  -0.33748E-01    0.97257E+00    0.41245E-01    0.54625E+02
  -0.33748E-01    0.97257E+00    0.41245E-01    0.54625E+02
  -0.33748E-01    0.97257E+00    0.41245E-01    0.54625E+02
  -0.35695E-01    0.92036E+00    0.38461E-01    0.54531E+02
  -0.35695E-01    0.92036E+00    0.38461E-01    0.54531E+02
  -0.35695E-01    0.92036E+00    0.38461E-01    0.54531E+02
  -0.35695E-01    0.92036E+00    0.38461E-01    0.54531E+02
  -0.35695E-01    0.92036E+00    0.38461E-01    0.54531E+02
  -0.37913E-01    0.85065E+00    0.35172E-01    0.54343E+02
  -0.37913E-01    0.85065E+00    0.35172E-01    0.54343E+02
  -0.37913E-01    0.85065E+00    0.35172E-01    0.54343E+02
  -0.37913E-01    0.85065E+00    0.35172E-01    0.54343E+02
  -0.37913E-01    0.85065E+00    0.35172E-01    0.54343E+02
  -0.40049E-01    0.77605E+00    0.31866E-01    0.54105E+02
  -0.40049E-01    0.77605E+00    0.31866E-01    0.54105E+02
  -0.40049E-01    0.77605E+00    0.31866E-01    0.54105E+02
  -0.40049E-01    0.77605E+00    0.31866E-01    0.54105E+02
  -0.40049E-01    0.77605E+00    0.31866E-01    0.54105E+02
  -0.41863E-01    0.70742E+00    0.29011E-01    0.53865E+02
  -0.41863E-01    0.70742E+00    0.29011E-01    0.53865E+02
  -0.41863E-01    0.70742E+00    0.29011E-01    0.53865E+02
  -0.41863E-01    0.70742E+00    0.29011E-01    0.53865E+02
  -0.41863E-01    0.70742E+00    0.29011E-01    0.53865E+02
  -0.43219E-01    0.65224E+00    0.26961E-01    0.53666E+02
  -0.43219E-01    0.65224E+00    0.26961E-01    0.53666E+02
  -0.43219E-01    0.65224E+00    0.26961E-01    0.53666E+02
  -0.43219E-01    0.65224E+00    0.26961E-01    0.53666E+02
  -0.43219E-01    0.65224E+00    0.26961E-01    0.53666E+02
  -0.44063E-01    0.61461E+00    0.25934E-01    0.53535E+02
  -0.44063E-01    0.61461E+00    0.25934E-01    0.53535E+02
  -0.44063E-01    0.61461E+00    0.25934E-01    0.53535E+02
  -0.44063E-01    0.61461E+00    0.25934E-01    0.53535E+02
  -0.44063E-01    0.61461E+00    0.25934E-01    0.53535E+02
  -0.44386E-01    0.59612E+00    0.26014E-01    0.53482E+02
  -0.44386E-01    0.59612E+00    0.26014E-01    0.53482E+02
  -0.44386E-01    0.59612E+00    0.26014E-01    0.53482E+02
  -0.44386E-01    0.59612E+00    0.26014E-01    0.53482E+02
  -0.44386E-01    0.59612E+00    0.26014E-01    0.53482E+02
  -0.44203E-01    0.59676E+00    0.27184E-01    0.53503E+02
  -0.44203E-01    0.59676E+00    0.27184E-01    0.53503E+02
  -0.44203E-01    0.59676E+00    0.27184E-01    0.53503E+02
  -0.44203E-01    0.59676E+00    0.27184E-01    0.53503E+02
  -0.44203E-01    0.59676E+00    0.27184E-01    0.53503E+02
  -0.43540E-01    0.61550E+00    0.29333E-01    0.53587E+02
  -0.43540E-01    0.61550E+00    0.29333E-01    0.53587E+02
  -0.43540E-01    0.61550E+00    0.29333E-01    0.53587E+02
  -0.43540E-01    0.61550E+00    0.29333E-01    0.53587E+02
  -0.43540E-01    0.61550E+00    0.29333E-01    0.53587E+02
  -0.42443E-01    0.65046E+00    0.32277E-01    0.53715E+02
  -0.42443E-01    0.65046E+00    0.32277E-01    0.53715E+02
  -0.42443E-01    0.65046E+00    0.32277E-01    0.53715E+02
  -0.42443E-01    0.65046E+00    0.32277E-01    0.53715E+02
