   0.43828E+02
   0.43828E+02
   0.43828E+02
   0.43828E+02
   0.43828E+02
   0.40828E+02
   0.40828E+02
   0.40828E+02
   0.40828E+02
   0.40828E+02
   0.40546E+02
   0.40546E+02
   0.40546E+02
   0.40546E+02
   0.40546E+02
   0.40980E+02
   0.40980E+02
   0.40980E+02
   0.40980E+02
   0.40980E+02
   0.41130E+02
   0.41130E+02
   0.41130E+02
   0.41130E+02
   0.41130E+02
   0.41090E+02
   0.41090E+02
   0.41090E+02
   0.41090E+02
   0.41090E+02
   0.40921E+02
   0.40921E+02
   0.40921E+02
   0.40921E+02
   0.40921E+02
   0.40638E+02
   0.40638E+02
   0.40638E+02
   0.40638E+02
   0.40638E+02
   0.40264E+02
   0.40264E+02
   0.40264E+02
   0.40264E+02
   0.40264E+02
   0.39824E+02
   0.39824E+02
   0.39824E+02
   0.39824E+02
   0.39824E+02
   0.39346E+02
   0.39346E+02
   0.39346E+02
   0.39346E+02
   0.39346E+02
   0.38870E+02
   0.38870E+02
   0.38870E+02
   0.38870E+02
   0.38870E+02
   0.38448E+02
   0.38448E+02
   0.38448E+02
   0.38448E+02
   0.38448E+02
   0.38137E+02
   0.38137E+02
   0.38137E+02
   0.38137E+02
   0.38137E+02
   0.37980E+02
   0.37980E+02
   0.37980E+02
   0.37980E+02
   0.37980E+02
   0.37978E+02
   0.37978E+02
   0.37978E+02
   0.37978E+02
   0.37978E+02
   0.38104E+02
   0.38104E+02
   0.38104E+02
   0.38104E+02
   0.38104E+02
   0.38361E+02
   0.38361E+02
   0.38361E+02
   0.38361E+02
   0.38361E+02
   0.38689E+02
   0.38689E+02
   0.38689E+02
   0.38689E+02
   0.38689E+02
   0.39005E+02
   0.39005E+02
   0.39005E+02
   0.39005E+02
   0.39005E+02
   0.39235E+02
   0.39235E+02
   0.39235E+02
   0.39235E+02
   0.39235E+02
   0.39346E+02
   0.39346E+02
   0.39346E+02
   0.39346E+02
   0.39346E+02
   0.39339E+02
   0.39339E+02
   0.39339E+02
   0.39339E+02
   0.39339E+02
   0.39229E+02
   0.39229E+02
   0.39229E+02
   0.39229E+02
   0.39229E+02
   0.39032E+02
   0.39032E+02
   0.39032E+02
   0.39032E+02
   0.39032E+02
   0.38765E+02
   0.38765E+02
   0.38765E+02
   0.38765E+02
   0.38765E+02
   0.38441E+02
   0.38441E+02
   0.38441E+02
   0.38441E+02
   0.38441E+02
   0.38073E+02
   0.38073E+02
   0.38073E+02
   0.38073E+02
   0.38073E+02
   0.37685E+02
   0.37685E+02
   0.37685E+02
   0.37685E+02
   0.37685E+02
   0.37316E+02
   0.37316E+02
   0.37316E+02
   0.37316E+02
   0.37316E+02
   0.37016E+02
   0.37016E+02
   0.37016E+02
   0.37016E+02
   0.37016E+02
   0.36836E+02
   0.36836E+02
   0.36836E+02
   0.36836E+02
   0.36836E+02
   0.36802E+02
   0.36802E+02
   0.36802E+02
   0.36802E+02
   0.36802E+02
   0.36914E+02
   0.36914E+02
   0.36914E+02
   0.36914E+02
   0.36914E+02
   0.37135E+02
   0.37135E+02
   0.37135E+02
   0.37135E+02
   0.37135E+02
   0.37414E+02
   0.37414E+02
   0.37414E+02
   0.37414E+02
   0.37414E+02
   0.37695E+02
   0.37695E+02
   0.37695E+02
   0.37695E+02
   0.37695E+02
   0.37929E+02
   0.37929E+02
   0.37929E+02
   0.37929E+02
   0.37929E+02
   0.38089E+02
   0.38089E+02
   0.38089E+02
   0.38089E+02
   0.38089E+02
   0.38162E+02
   0.38162E+02
   0.38162E+02
   0.38162E+02
   0.38162E+02
   0.38152E+02
   0.38152E+02
   0.38152E+02
   0.38152E+02
   0.38152E+02
   0.38071E+02
   0.38071E+02
   0.38071E+02
   0.38071E+02
   0.38071E+02
   0.37934E+02
   0.37934E+02
   0.37934E+02
   0.37934E+02
