   0.47503E+02    0.38875E+02    0.32825E+02    0.50000E+02
   0.46754E+02    0.36680E+02    0.21913E+02    0.50000E+02
   0.46448E+02    0.40232E+02    0.14505E+02    0.50000E+02
   0.46753E+02    0.41930E+02    0.12349E+02    0.50000E+02
   0.47349E+02    0.47291E+02    0.13894E+02    0.50000E+02
   0.47875E+02    0.47721E+02    0.16851E+02    0.50000E+02
   0.48130E+02    0.48405E+02    0.19124E+02    0.50000E+02
   0.48105E+02    0.47172E+02    0.19804E+02    0.50000E+02
   0.47930E+02    0.47192E+02    0.19289E+02    0.50000E+02
   0.47754E+02    0.47015E+02    0.18511E+02    0.50000E+02
   0.46433E+02    0.47426E+02    0.18030E+02    0.50000E+02
   0.45950E+02    0.47757E+02    0.17998E+02    0.50000E+02
   0.45497E+02    0.47966E+02    0.18257E+02    0.50000E+02
   0.45052E+02    0.48039E+02    0.18589E+02    0.50000E+02
   0.44600E+02    0.47892E+02    0.18853E+02    0.50000E+02
   0.45332E+02    0.47715E+02    0.19008E+02    0.50000E+02
   0.45335E+02    0.47621E+02    0.19088E+02    0.50000E+02
   0.45364E+02    0.47450E+02    0.19164E+02    0.50000E+02
   0.45410E+02    0.47414E+02    0.19255E+02    0.50000E+02
   0.45469E+02    0.47250E+02    0.19375E+02    0.50000E+02
   0.42996E+02    0.47171E+02    0.19526E+02    0.50000E+02
   0.42096E+02    0.46954E+02    0.19681E+02    0.50000E+02
   0.41167E+02    0.46771E+02    0.19812E+02    0.50000E+02
   0.40245E+02    0.46495E+02    0.19925E+02    0.50000E+02
   0.39335E+02    0.46245E+02    0.20023E+02    0.50000E+02
   0.38485E+02    0.45927E+02    0.20115E+02    0.50000E+02
   0.37618E+02    0.45622E+02    0.20201E+02    0.50000E+02
   0.36763E+02    0.45262E+02    0.20283E+02    0.50000E+02
   0.35917E+02    0.44908E+02    0.20359E+02    0.50000E+02
   0.35080E+02    0.44512E+02    0.20425E+02    0.50000E+02
   0.35116E+02    0.44119E+02    0.20476E+02    0.50000E+02
   0.34623E+02    0.43702E+02    0.20515E+02    0.50000E+02
   0.34148E+02    0.43285E+02    0.20552E+02    0.50000E+02
   0.33677E+02    0.42855E+02    0.20580E+02    0.50000E+02
   0.33207E+02    0.42381E+02    0.20608E+02    0.50000E+02
   0.34646E+02    0.41929E+02    0.20608E+02    0.50000E+02
   0.34909E+02    0.41394E+02    0.20607E+02    0.50000E+02
   0.35202E+02    0.40921E+02    0.20601E+02    0.50000E+02
   0.35495E+02    0.40348E+02    0.20599E+02    0.50000E+02
   0.35786E+02    0.39859E+02    0.20586E+02    0.50000E+02
   0.39247E+02    0.39269E+02    0.20547E+02    0.50000E+02
   0.40765E+02    0.38800E+02    0.20496E+02    0.50000E+02
   0.42335E+02    0.38226E+02    0.20467E+02    0.50000E+02
   0.43913E+02    0.37786E+02    0.20444E+02    0.50000E+02
   0.45489E+02    0.37228E+02    0.20437E+02    0.50000E+02
   0.51308E+02    0.36838E+02    0.20391E+02    0.50000E+02
   0.54564E+02    0.36337E+02    0.20354E+02    0.50000E+02
   0.57901E+02    0.36034E+02    0.20334E+02    0.50000E+02
   0.61256E+02    0.35595E+02    0.20343E+02    0.50000E+02
   0.64624E+02    0.35558E+02    0.20358E+02    0.50000E+02
   0.72689E+02    0.35426E+02    0.20566E+02    0.50000E+02
   0.77972E+02    0.35312E+02    0.20938E+02    0.50000E+02
   0.83316E+02    0.35050E+02    0.21336E+02    0.50000E+02
   0.88643E+02    0.34913E+02    0.21628E+02    0.50000E+02
   0.93947E+02    0.34630E+02    0.21823E+02    0.50000E+02
   0.10013E+03    0.34640E+02    0.21910E+02    0.50000E+02
   0.10015E+03    0.34386E+02    0.22026E+02    0.50000E+02
   0.10015E+03    0.34565E+02    0.22164E+02    0.50000E+02
   0.10014E+03    0.34280E+02    0.22301E+02    0.50000E+02
   0.10014E+03    0.34622E+02    0.22384E+02    0.50000E+02
   0.10016E+03    0.34330E+02    0.22432E+02    0.50000E+02
   0.10016E+03    0.34883E+02    0.22427E+02    0.50000E+02
   0.10016E+03    0.34636E+02    0.22400E+02    0.50000E+02
   0.10016E+03    0.35395E+02    0.22338E+02    0.50000E+02
   0.10016E+03    0.35234E+02    0.22257E+02    0.50000E+02
   0.10016E+03    0.36130E+02    0.22145E+02    0.50000E+02
   0.10016E+03    0.36127E+02    0.22007E+02    0.50000E+02
   0.10016E+03    0.37040E+02    0.21836E+02    0.50000E+02
   0.10016E+03    0.37295E+02    0.21632E+02    0.50000E+02
   0.10016E+03    0.38093E+02    0.21396E+02    0.50000E+02
   0.10016E+03    0.38685E+02    0.21125E+02    0.50000E+02
   0.10016E+03    0.39279E+02    0.20824E+02    0.50000E+02
   0.10016E+03    0.40221E+02    0.20489E+02    0.50000E+02
   0.10016E+03    0.40597E+02    0.20130E+02    0.50000E+02
   0.10017E+03    0.41813E+02    0.19740E+02    0.50000E+02
   0.10017E+03    0.42158E+02    0.19330E+02    0.50000E+02
   0.10017E+03    0.43719E+02    0.18970E+02    0.50000E+02
   0.10017E+03    0.44075E+02    0.18852E+02    0.50000E+02
   0.10017E+03    0.45487E+02    0.18862E+02    0.50000E+02
   0.10016E+03    0.45536E+02    0.18843E+02    0.50000E+02
   0.10015E+03    0.46726E+02    0.18719E+02    0.50000E+02
   0.10015E+03    0.46698E+02    0.18521E+02    0.50000E+02
   0.10015E+03    0.47758E+02    0.18300E+02    0.50000E+02
   0.10015E+03    0.47749E+02    0.18112E+02    0.50000E+02
   0.10015E+03    0.48602E+02    0.17969E+02    0.50000E+02
   0.10012E+03    0.48572E+02    0.17868E+02    0.50000E+02
   0.10013E+03    0.49183E+02    0.17785E+02    0.50000E+02
   0.10013E+03    0.49134E+02    0.17719E+02    0.50000E+02
   0.10013E+03    0.49581E+02    0.17665E+02    0.50000E+02
   0.10013E+03    0.49542E+02    0.17633E+02    0.50000E+02
   0.10008E+03    0.49886E+02    0.17625E+02    0.50000E+02
   0.10008E+03    0.49860E+02    0.17631E+02    0.50000E+02
   0.10009E+03    0.50135E+02    0.17658E+02    0.50000E+02
   0.10009E+03    0.50120E+02    0.17719E+02    0.50000E+02
   0.10009E+03    0.50331E+02    0.17794E+02    0.50000E+02
   0.10004E+03    0.50307E+02    0.17906E+02    0.50000E+02
   0.10005E+03    0.52624E+02    0.16242E+02    0.50000E+02
   0.10005E+03    0.53369E+02    0.16075E+02    0.50000E+02
   0.10005E+03    0.54144E+02    0.15908E+02    0.50000E+02
   0.10005E+03    0.54947E+02    0.15741E+02    0.50000E+02
   0.98793E+02    0.55780E+02    0.15574E+02    0.50000E+02
   0.10002E+03    0.56642E+02    0.15407E+02    0.50000E+02
   0.10002E+03    0.57534E+02    0.15240E+02    0.50000E+02
   0.10002E+03    0.58454E+02    0.15073E+02    0.50000E+02
   0.10002E+03    0.59404E+02    0.14906E+02    0.50000E+02
   0.98068E+02    0.60383E+02    0.14739E+02    0.50000E+02
   0.97940E+02    0.61392E+02    0.14571E+02    0.50000E+02
   0.97812E+02    0.62429E+02    0.14404E+02    0.50000E+02
   0.97684E+02    0.63496E+02    0.14237E+02    0.50000E+02
   0.97556E+02    0.64592E+02    0.14070E+02    0.50000E+02
   0.96258E+02    0.65718E+02    0.13903E+02    0.50000E+02
   0.95620E+02    0.66873E+02    0.13736E+02    0.50000E+02
   0.94982E+02    0.68057E+02    0.13569E+02    0.50000E+02
   0.94344E+02    0.69270E+02    0.13402E+02    0.50000E+02
   0.93706E+02    0.70512E+02    0.13235E+02    0.50000E+02
   0.92421E+02    0.71784E+02    0.13068E+02    0.50000E+02
   0.91502E+02    0.73085E+02    0.12901E+02    0.50000E+02
   0.90582E+02    0.74416E+02    0.12734E+02    0.50000E+02
   0.89662E+02    0.75775E+02    0.12566E+02    0.50000E+02
   0.88743E+02    0.77164E+02    0.12399E+02    0.50000E+02
   0.87177E+02    0.78582E+02    0.12232E+02    0.50000E+02
   0.85975E+02    0.80030E+02    0.12065E+02    0.50000E+02
   0.84774E+02    0.81506E+02    0.11898E+02    0.50000E+02
   0.83573E+02    0.83012E+02    0.11731E+02    0.50000E+02
   0.82371E+02    0.84547E+02    0.11564E+02    0.50000E+02
   0.80524E+02    0.86112E+02    0.11397E+02    0.50000E+02
   0.79041E+02    0.87705E+02    0.11230E+02    0.50000E+02
   0.77558E+02    0.89328E+02    0.11063E+02    0.50000E+02
   0.76075E+02    0.90981E+02    0.10896E+02    0.50000E+02
   0.74592E+02    0.92662E+02    0.10729E+02    0.50000E+02
   0.72463E+02    0.94373E+02    0.10561E+02    0.50000E+02
   0.70698E+02    0.96113E+02    0.10394E+02    0.50000E+02
   0.68934E+02    0.97882E+02    0.10227E+02    0.50000E+02
   0.67169E+02    0.99681E+02    0.10060E+02    0.50000E+02
   0.65404E+02    0.10003E+03    0.98931E+01    0.50000E+02
   0.62993E+02    0.10003E+03    0.97260E+01    0.50000E+02
   0.60947E+02    0.10003E+03    0.95589E+01    0.50000E+02
   0.58901E+02    0.10003E+03    0.93918E+01    0.50000E+02
   0.56855E+02    0.10003E+03    0.92247E+01    0.50000E+02
   0.54808E+02    0.10003E+03    0.90576E+01    0.50000E+02
   0.52116E+02    0.10003E+03    0.88906E+01    0.50000E+02
   0.49788E+02    0.10003E+03    0.87235E+01    0.50000E+02
   0.47460E+02    0.10003E+03    0.85564E+01    0.50000E+02
   0.45132E+02    0.10004E+03    0.83893E+01    0.50000E+02
   0.42804E+02    0.10004E+03    0.82222E+01    0.50000E+02
   0.39830E+02    0.10004E+03    0.80551E+01    0.50000E+02
   0.37221E+02    0.10004E+03    0.78880E+01    0.50000E+02
   0.34611E+02    0.10004E+03    0.77209E+01    0.50000E+02
   0.32002E+02    0.10004E+03    0.75539E+01    0.50000E+02
   0.29392E+02    0.10004E+03    0.73868E+01    0.50000E+02
   0.26136E+02    0.10004E+03    0.72197E+01    0.50000E+02
   0.23245E+02    0.10004E+03    0.70526E+01    0.50000E+02
   0.20354E+02    0.10004E+03    0.68855E+01    0.50000E+02
   0.17463E+02    0.10004E+03    0.67184E+01    0.50000E+02
   0.14572E+02    0.10004E+03    0.65513E+01    0.50000E+02
   0.11034E+02    0.10004E+03    0.63843E+01    0.50000E+02
   0.78613E+01    0.10004E+03    0.62172E+01    0.50000E+02
   0.46884E+01    0.10004E+03    0.60501E+01    0.50000E+02
   0.15156E+01    0.10004E+03    0.58830E+01    0.50000E+02
  -0.52881E-01    0.10004E+03    0.57159E+01    0.50000E+02
  -0.57575E-01    0.10004E+03    0.55488E+01    0.50000E+02
  -0.57575E-01    0.10004E+03    0.53817E+01    0.50000E+02
  -0.57575E-01    0.10004E+03    0.52146E+01    0.50000E+02
  -0.57575E-01    0.10004E+03    0.50476E+01    0.50000E+02
  -0.57575E-01    0.10005E+03    0.48805E+01    0.50000E+02
  -0.62269E-01    0.10005E+03    0.47134E+01    0.50000E+02
  -0.62269E-01    0.10005E+03    0.45463E+01    0.50000E+02
  -0.62269E-01    0.10005E+03    0.43792E+01    0.50000E+02
  -0.62269E-01    0.10005E+03    0.42121E+01    0.50000E+02
  -0.62269E-01    0.10005E+03    0.40450E+01    0.50000E+02
  -0.66963E-01    0.10005E+03    0.38780E+01    0.50000E+02
  -0.66963E-01    0.10005E+03    0.37109E+01    0.50000E+02
  -0.66963E-01    0.10005E+03    0.35438E+01    0.50000E+02
  -0.66963E-01    0.10005E+03    0.33767E+01    0.50000E+02
  -0.66963E-01    0.10005E+03    0.32096E+01    0.50000E+02
  -0.71657E-01    0.10005E+03    0.30425E+01    0.50000E+02
  -0.71657E-01    0.10005E+03    0.28754E+01    0.50000E+02
  -0.71657E-01    0.10005E+03    0.27083E+01    0.50000E+02
  -0.71657E-01    0.10005E+03    0.25413E+01    0.50000E+02
  -0.71657E-01    0.10005E+03    0.23742E+01    0.50000E+02
  -0.76351E-01    0.10005E+03    0.22071E+01    0.50000E+02
  -0.76351E-01    0.10005E+03    0.20400E+01    0.50000E+02
  -0.76351E-01    0.10005E+03    0.18729E+01    0.50000E+02
  -0.76351E-01    0.10005E+03    0.17058E+01    0.50000E+02
  -0.76351E-01    0.10006E+03    0.15387E+01    0.50000E+02
  -0.81045E-01    0.10006E+03    0.13717E+01    0.50000E+02
  -0.81045E-01    0.10006E+03    0.12046E+01    0.50000E+02
  -0.81045E-01    0.10006E+03    0.10375E+01    0.50000E+02
  -0.81045E-01    0.10006E+03    0.87040E+00    0.50000E+02
  -0.81045E-01    0.10006E+03    0.70331E+00    0.50000E+02
  -0.85739E-01    0.10006E+03    0.53622E+00    0.50000E+02
  -0.85739E-01    0.10006E+03    0.36914E+00    0.50000E+02
  -0.85739E-01    0.10006E+03    0.20205E+00    0.50000E+02
  -0.85739E-01    0.10006E+03    0.34963E-01    0.50000E+02
  -0.85739E-01    0.10006E+03   -0.27848E-02    0.50000E+02
  -0.90433E-01    0.10006E+03   -0.27848E-02    0.50000E+02
  -0.90433E-01    0.10006E+03   -0.27848E-02    0.50000E+02
  -0.90433E-01    0.10006E+03   -0.27848E-02    0.50000E+02
  -0.90433E-01    0.10006E+03   -0.27848E-02    0.50000E+02
  -0.90433E-01    0.10006E+03   -0.27848E-02    0.50000E+02
  -0.95127E-01    0.10006E+03   -0.27848E-02    0.50000E+02
  -0.95127E-01    0.10006E+03   -0.27848E-02    0.50000E+02
  -0.95127E-01    0.10006E+03   -0.27848E-02    0.50000E+02
  -0.95127E-01    0.10006E+03   -0.27848E-02    0.50000E+02
  -0.95127E-01    0.10006E+03   -0.27848E-02    0.50000E+02
  -0.99821E-01    0.10007E+03   -0.27848E-02    0.50000E+02
  -0.99821E-01    0.10007E+03   -0.27848E-02    0.50000E+02
  -0.99821E-01    0.10007E+03   -0.27848E-02    0.50000E+02
  -0.99821E-01    0.10007E+03   -0.27848E-02    0.50000E+02
  -0.99821E-01    0.10007E+03   -0.27848E-02    0.50000E+02
  -0.10452E+00    0.10007E+03   -0.27848E-02    0.50000E+02
  -0.10452E+00    0.10007E+03   -0.27848E-02    0.50000E+02
  -0.10452E+00    0.10007E+03   -0.27848E-02    0.50000E+02
  -0.10452E+00    0.10007E+03   -0.27848E-02    0.50000E+02
  -0.10452E+00    0.10007E+03   -0.27848E-02    0.50000E+02
  -0.10921E+00    0.10007E+03   -0.27848E-02    0.50000E+02
  -0.10921E+00    0.10007E+03   -0.27848E-02    0.50000E+02
  -0.10921E+00    0.10007E+03   -0.27848E-02    0.50000E+02
  -0.10921E+00    0.10007E+03   -0.27848E-02    0.50000E+02
  -0.10921E+00    0.10007E+03   -0.27848E-02    0.50000E+02
  -0.11390E+00    0.10007E+03   -0.27848E-02    0.50000E+02
  -0.11390E+00    0.10007E+03   -0.27848E-02    0.50000E+02
  -0.11390E+00    0.10007E+03   -0.27848E-02    0.50000E+02
  -0.11390E+00    0.10007E+03   -0.27848E-02    0.50000E+02
  -0.11390E+00    0.10007E+03   -0.27848E-02    0.50000E+02
  -0.11860E+00    0.10008E+03   -0.27848E-02    0.50000E+02
  -0.11860E+00    0.10008E+03   -0.27848E-02    0.50000E+02
  -0.11860E+00    0.10008E+03   -0.27848E-02    0.50000E+02
  -0.11860E+00    0.10008E+03   -0.27848E-02    0.50000E+02
  -0.11860E+00    0.10008E+03   -0.27848E-02    0.50000E+02
  -0.12329E+00    0.10008E+03   -0.27848E-02    0.50000E+02
  -0.12329E+00    0.10008E+03   -0.27848E-02    0.50000E+02
  -0.12329E+00    0.10008E+03   -0.27848E-02    0.50000E+02
  -0.12329E+00    0.10008E+03   -0.27848E-02    0.50000E+02
  -0.12329E+00    0.10008E+03   -0.27848E-02    0.50000E+02
  -0.12799E+00    0.10008E+03   -0.27848E-02    0.50000E+02
  -0.12799E+00    0.10008E+03   -0.27848E-02    0.50000E+02
  -0.12799E+00    0.10008E+03   -0.27848E-02    0.50000E+02
  -0.12799E+00    0.10008E+03   -0.27848E-02    0.50000E+02
  -0.12799E+00    0.10008E+03   -0.27848E-02    0.50000E+02
  -0.13268E+00    0.10008E+03   -0.27848E-02    0.50000E+02
  -0.13268E+00    0.10008E+03   -0.27848E-02    0.50000E+02
  -0.13268E+00    0.10008E+03   -0.27848E-02    0.50000E+02
  -0.13268E+00    0.10008E+03   -0.27848E-02    0.50000E+02
  -0.13268E+00    0.10008E+03   -0.27848E-02    0.50000E+02
  -0.13737E+00    0.10008E+03   -0.27848E-02    0.50000E+02
  -0.13737E+00    0.10009E+03   -0.27848E-02    0.50000E+02
  -0.13737E+00    0.10009E+03   -0.27848E-02    0.50000E+02
  -0.13737E+00    0.10009E+03   -0.27848E-02    0.50000E+02
  -0.13737E+00    0.10009E+03   -0.27848E-02    0.50000E+02
  -0.14207E+00    0.10009E+03   -0.27848E-02    0.50000E+02
  -0.14207E+00    0.10009E+03   -0.27848E-02    0.50000E+02
  -0.14207E+00    0.10009E+03   -0.27848E-02    0.50000E+02
  -0.14207E+00    0.10009E+03   -0.27848E-02    0.50000E+02
  -0.14207E+00    0.10009E+03   -0.27848E-02    0.50000E+02
  -0.14676E+00    0.10009E+03   -0.27848E-02    0.50000E+02
  -0.14676E+00    0.10009E+03   -0.27848E-02    0.50000E+02
  -0.14676E+00    0.10009E+03   -0.27848E-02    0.50000E+02
  -0.14676E+00    0.10009E+03   -0.27848E-02    0.50000E+02
  -0.14676E+00    0.10009E+03   -0.27848E-02    0.50000E+02
  -0.15146E+00    0.10009E+03   -0.27848E-02    0.50000E+02
  -0.15146E+00    0.10009E+03   -0.27848E-02    0.50000E+02
  -0.15146E+00    0.10009E+03   -0.27848E-02    0.50000E+02
  -0.15146E+00    0.10009E+03   -0.27848E-02    0.50000E+02
  -0.15146E+00    0.10009E+03   -0.27848E-02    0.50000E+02
  -0.15615E+00    0.10009E+03   -0.27848E-02    0.50000E+02
  -0.15615E+00    0.10010E+03   -0.27848E-02    0.50000E+02
  -0.15615E+00    0.10010E+03   -0.27848E-02    0.50000E+02
  -0.15615E+00    0.10010E+03   -0.27848E-02    0.50000E+02
  -0.15615E+00    0.10010E+03   -0.27848E-02    0.50000E+02
  -0.16084E+00    0.10010E+03   -0.27848E-02    0.50000E+02
  -0.16084E+00    0.10010E+03   -0.27848E-02    0.50000E+02
  -0.16084E+00    0.10010E+03   -0.27848E-02    0.50000E+02
  -0.16084E+00    0.10010E+03   -0.27848E-02    0.50000E+02
  -0.16084E+00    0.10010E+03   -0.27848E-02    0.50000E+02
  -0.16554E+00    0.10010E+03   -0.27848E-02    0.50000E+02
  -0.16554E+00    0.10010E+03   -0.27848E-02    0.50000E+02
  -0.16554E+00    0.10010E+03   -0.27848E-02    0.50000E+02
  -0.16554E+00    0.10010E+03   -0.27848E-02    0.50000E+02
  -0.16554E+00    0.10010E+03   -0.27848E-02    0.50000E+02
  -0.17023E+00    0.10010E+03   -0.27848E-02    0.50000E+02
  -0.17023E+00    0.10010E+03   -0.27848E-02    0.50000E+02
  -0.17023E+00    0.10010E+03   -0.27848E-02    0.50000E+02
  -0.17023E+00    0.10010E+03   -0.27848E-02    0.50000E+02
  -0.17023E+00    0.10010E+03   -0.27848E-02    0.50000E+02
  -0.17493E+00    0.10010E+03   -0.27848E-02    0.50000E+02
  -0.17493E+00    0.10010E+03   -0.27848E-02    0.50000E+02
  -0.17493E+00    0.10011E+03   -0.27848E-02    0.50000E+02
  -0.17493E+00    0.10011E+03   -0.27848E-02    0.50000E+02
  -0.17493E+00    0.10011E+03   -0.27848E-02    0.50000E+02
  -0.17962E+00    0.10011E+03   -0.27848E-02    0.50000E+02
  -0.17962E+00    0.10011E+03   -0.27848E-02    0.50000E+02
  -0.17962E+00    0.10011E+03   -0.27848E-02    0.50000E+02
  -0.17962E+00    0.10011E+03   -0.27848E-02    0.50000E+02
  -0.17962E+00    0.10011E+03   -0.27848E-02    0.50000E+02
  -0.18431E+00    0.10011E+03   -0.27848E-02    0.50000E+02
  -0.18431E+00    0.10011E+03   -0.27848E-02    0.50000E+02
  -0.18431E+00    0.10011E+03   -0.27848E-02    0.50000E+02
  -0.18431E+00    0.10011E+03   -0.27848E-02    0.50000E+02
  -0.18431E+00    0.10011E+03   -0.27848E-02    0.50000E+02
  -0.18901E+00    0.10011E+03   -0.27848E-02    0.50000E+02
  -0.18901E+00    0.10011E+03   -0.27848E-02    0.50000E+02
  -0.18901E+00    0.10011E+03   -0.27848E-02    0.50000E+02
  -0.18901E+00    0.10011E+03   -0.27848E-02    0.50000E+02
  -0.18901E+00    0.10011E+03   -0.27848E-02    0.50000E+02
  -0.19370E+00    0.10011E+03   -0.27848E-02    0.50000E+02
  -0.19370E+00    0.10011E+03   -0.27848E-02    0.50000E+02
  -0.19370E+00    0.10012E+03   -0.27848E-02    0.50000E+02
  -0.19370E+00    0.10012E+03   -0.27848E-02    0.50000E+02
  -0.19370E+00    0.10012E+03   -0.27848E-02    0.50000E+02
  -0.19840E+00    0.10012E+03   -0.27848E-02    0.50000E+02
  -0.19840E+00    0.10012E+03   -0.27848E-02    0.50000E+02
  -0.19840E+00    0.10012E+03   -0.27848E-02    0.50000E+02
  -0.19840E+00    0.10012E+03   -0.27848E-02    0.50000E+02
  -0.19840E+00    0.10012E+03   -0.27848E-02    0.50000E+02
  -0.20309E+00    0.10012E+03   -0.27848E-02    0.50000E+02
  -0.20309E+00    0.10012E+03   -0.27848E-02    0.50000E+02
  -0.20309E+00    0.10012E+03   -0.27848E-02    0.50000E+02
  -0.20309E+00    0.10012E+03   -0.27848E-02    0.50000E+02
  -0.20309E+00    0.10012E+03   -0.27848E-02    0.50000E+02
  -0.20778E+00    0.10012E+03   -0.27848E-02    0.50000E+02
  -0.20778E+00    0.10012E+03   -0.27848E-02    0.50000E+02
  -0.20778E+00    0.10012E+03   -0.27848E-02    0.50000E+02
  -0.20778E+00    0.10012E+03   -0.27848E-02    0.50000E+02
  -0.20778E+00    0.10012E+03   -0.27848E-02    0.50000E+02
  -0.21248E+00    0.10012E+03   -0.27848E-02    0.50000E+02
  -0.21248E+00    0.10012E+03   -0.27848E-02    0.50000E+02
  -0.21248E+00    0.10012E+03   -0.27848E-02    0.50000E+02
  -0.21248E+00    0.10013E+03   -0.27848E-02    0.50000E+02
  -0.21248E+00    0.10013E+03   -0.27848E-02    0.50000E+02
  -0.21717E+00    0.10013E+03   -0.27848E-02    0.50000E+02
  -0.21717E+00    0.10013E+03   -0.27848E-02    0.50000E+02
  -0.21717E+00    0.10013E+03   -0.27848E-02    0.50000E+02
  -0.21717E+00    0.10013E+03   -0.27848E-02    0.50000E+02
  -0.21717E+00    0.10013E+03   -0.27848E-02    0.50000E+02
  -0.22187E+00    0.10013E+03   -0.27848E-02    0.50000E+02
  -0.22187E+00    0.10013E+03   -0.27848E-02    0.50000E+02
  -0.22187E+00    0.10013E+03   -0.27848E-02    0.50000E+02
  -0.22187E+00    0.10013E+03   -0.27848E-02    0.50000E+02
  -0.22187E+00    0.10013E+03   -0.27848E-02    0.50000E+02
  -0.22656E+00    0.10013E+03   -0.27848E-02    0.50000E+02
  -0.22656E+00    0.10013E+03   -0.27848E-02    0.50000E+02
  -0.22656E+00    0.10013E+03   -0.27848E-02    0.50000E+02
  -0.22656E+00    0.10013E+03   -0.27848E-02    0.50000E+02
  -0.22656E+00    0.10013E+03   -0.27848E-02    0.50000E+02
  -0.23125E+00    0.10013E+03   -0.27848E-02    0.50000E+02
  -0.23125E+00    0.10013E+03   -0.27848E-02    0.50000E+02
  -0.23125E+00    0.10013E+03   -0.27848E-02    0.50000E+02
  -0.23125E+00    0.10014E+03   -0.27848E-02    0.50000E+02
  -0.23125E+00    0.10014E+03   -0.27848E-02    0.50000E+02
  -0.23595E+00    0.10014E+03   -0.27848E-02    0.50000E+02
  -0.23595E+00    0.10014E+03   -0.27848E-02    0.50000E+02
  -0.23595E+00    0.10014E+03   -0.27848E-02    0.50000E+02
  -0.23595E+00    0.10014E+03   -0.27848E-02    0.50000E+02
  -0.23595E+00    0.10014E+03   -0.27848E-02    0.50000E+02
  -0.24064E+00    0.10014E+03   -0.27848E-02    0.50000E+02
  -0.24064E+00    0.10014E+03   -0.27848E-02    0.50000E+02
  -0.24064E+00    0.10014E+03   -0.27848E-02    0.50000E+02
  -0.24064E+00    0.10014E+03   -0.27848E-02    0.50000E+02
  -0.24064E+00    0.10014E+03   -0.27848E-02    0.50000E+02
  -0.24534E+00    0.10014E+03   -0.27848E-02    0.50000E+02
  -0.24534E+00    0.10014E+03   -0.27848E-02    0.50000E+02
  -0.24534E+00    0.10014E+03   -0.27848E-02    0.50000E+02
  -0.24534E+00    0.10014E+03   -0.27848E-02    0.50000E+02
  -0.24534E+00    0.10014E+03   -0.27848E-02    0.50000E+02
  -0.25003E+00    0.10014E+03   -0.27848E-02    0.50000E+02
  -0.25003E+00    0.10014E+03   -0.27848E-02    0.50000E+02
  -0.25003E+00    0.10014E+03   -0.27848E-02    0.50000E+02
  -0.25003E+00    0.10014E+03   -0.27848E-02    0.50000E+02
  -0.25003E+00    0.10015E+03   -0.27848E-02    0.50000E+02
  -0.25472E+00    0.10015E+03   -0.27848E-02    0.50000E+02
  -0.25472E+00    0.10015E+03   -0.27848E-02    0.50000E+02
  -0.25472E+00    0.10015E+03   -0.27848E-02    0.50000E+02
  -0.25472E+00    0.10015E+03   -0.27848E-02    0.50000E+02
  -0.25472E+00    0.10015E+03   -0.27848E-02    0.50000E+02
  -0.25942E+00    0.10015E+03   -0.27848E-02    0.50000E+02
  -0.25942E+00    0.10015E+03   -0.27848E-02    0.50000E+02
  -0.25942E+00    0.10015E+03   -0.27848E-02    0.50000E+02
  -0.25942E+00    0.10015E+03   -0.27848E-02    0.50000E+02
  -0.25942E+00    0.10015E+03   -0.27848E-02    0.50000E+02
  -0.26411E+00    0.10015E+03   -0.27848E-02    0.50000E+02
  -0.26411E+00    0.10015E+03   -0.27848E-02    0.50000E+02
  -0.26411E+00    0.10015E+03   -0.27848E-02    0.50000E+02
  -0.26411E+00    0.10015E+03   -0.27848E-02    0.50000E+02
  -0.26411E+00    0.10015E+03   -0.27848E-02    0.50000E+02
  -0.26881E+00    0.10015E+03   -0.27848E-02    0.50000E+02
  -0.26881E+00    0.10015E+03   -0.27848E-02    0.50000E+02
  -0.26881E+00    0.10015E+03   -0.27848E-02    0.50000E+02
  -0.26881E+00    0.10015E+03   -0.27848E-02    0.50000E+02
  -0.26881E+00    0.10016E+03   -0.27848E-02    0.50000E+02
  -0.27350E+00    0.10016E+03   -0.27848E-02    0.50000E+02
  -0.27350E+00    0.10016E+03   -0.27848E-02    0.50000E+02
  -0.27350E+00    0.10016E+03   -0.27848E-02    0.50000E+02
  -0.27350E+00    0.10016E+03   -0.27848E-02    0.50000E+02
  -0.27350E+00    0.10016E+03   -0.27848E-02    0.50000E+02
  -0.27819E+00    0.10016E+03   -0.27848E-02    0.50000E+02
  -0.27819E+00    0.10016E+03   -0.27848E-02    0.50000E+02
  -0.27819E+00    0.10016E+03   -0.27848E-02    0.50000E+02
  -0.27819E+00    0.10016E+03   -0.27848E-02    0.50000E+02
  -0.27819E+00    0.10016E+03   -0.27848E-02    0.50000E+02
  -0.28289E+00    0.10016E+03   -0.27848E-02    0.50000E+02
  -0.28289E+00    0.10016E+03   -0.27848E-02    0.50000E+02
  -0.28289E+00    0.10016E+03   -0.27848E-02    0.50000E+02
  -0.28289E+00    0.10016E+03   -0.27848E-02    0.50000E+02
  -0.28289E+00    0.10016E+03   -0.27848E-02    0.50000E+02
  -0.28758E+00    0.10016E+03   -0.27848E-02    0.50000E+02
  -0.28758E+00    0.10016E+03   -0.27848E-02    0.50000E+02
  -0.28758E+00    0.10016E+03   -0.27848E-02    0.50000E+02
  -0.28758E+00    0.10016E+03   -0.27848E-02    0.50000E+02
  -0.28758E+00    0.10016E+03   -0.27848E-02    0.50000E+02
  -0.29228E+00    0.10017E+03   -0.27848E-02    0.50000E+02
  -0.29228E+00    0.10017E+03   -0.27848E-02    0.50000E+02
  -0.29228E+00    0.10017E+03   -0.27848E-02    0.50000E+02
  -0.29228E+00    0.10017E+03   -0.27848E-02    0.50000E+02
  -0.29228E+00    0.10017E+03   -0.27848E-02    0.50000E+02
  -0.29697E+00    0.10017E+03   -0.27848E-02    0.50000E+02
  -0.29697E+00    0.10017E+03   -0.27848E-02    0.50000E+02
  -0.29697E+00    0.10017E+03   -0.27848E-02    0.50000E+02
  -0.29697E+00    0.10017E+03   -0.27848E-02    0.50000E+02
  -0.29697E+00    0.10017E+03   -0.27848E-02    0.50000E+02
  -0.30166E+00    0.10017E+03   -0.27848E-02    0.50000E+02
  -0.30166E+00    0.10017E+03   -0.27848E-02    0.50000E+02
  -0.30166E+00    0.10017E+03   -0.27848E-02    0.50000E+02
  -0.30166E+00    0.10017E+03   -0.27848E-02    0.50000E+02
  -0.30166E+00    0.10017E+03   -0.27848E-02    0.50000E+02
  -0.30636E+00    0.10017E+03   -0.27848E-02    0.50000E+02
  -0.30636E+00    0.10017E+03   -0.27848E-02    0.50000E+02
  -0.30636E+00    0.10017E+03   -0.27848E-02    0.50000E+02
  -0.30636E+00    0.10017E+03   -0.27848E-02    0.50000E+02
  -0.30636E+00    0.10017E+03   -0.27848E-02    0.50000E+02
  -0.31105E+00    0.10018E+03   -0.27848E-02    0.50000E+02
  -0.31105E+00    0.10018E+03   -0.27848E-02    0.50000E+02
  -0.31105E+00    0.10018E+03   -0.27848E-02    0.50000E+02
  -0.31105E+00    0.10018E+03   -0.27848E-02    0.50000E+02
  -0.31105E+00    0.10018E+03   -0.27848E-02    0.50000E+02
  -0.31575E+00    0.10018E+03   -0.27848E-02    0.50000E+02
  -0.31575E+00    0.10018E+03   -0.27848E-02    0.50000E+02
  -0.31575E+00    0.10018E+03   -0.27848E-02    0.50000E+02
  -0.31575E+00    0.10018E+03   -0.27848E-02    0.50000E+02
  -0.31575E+00    0.10018E+03   -0.27848E-02    0.50000E+02
  -0.32044E+00    0.10018E+03   -0.27848E-02    0.50000E+02
  -0.32044E+00    0.10018E+03   -0.27848E-02    0.50000E+02
  -0.32044E+00    0.10018E+03   -0.27848E-02    0.50000E+02
  -0.32044E+00    0.10018E+03   -0.27848E-02    0.50000E+02
  -0.32044E+00    0.10018E+03   -0.27848E-02    0.50000E+02
  -0.32514E+00    0.10018E+03   -0.27848E-02    0.50000E+02
  -0.32514E+00    0.10018E+03   -0.27848E-02    0.50000E+02
  -0.32514E+00    0.10018E+03   -0.27848E-02    0.50000E+02
  -0.32514E+00    0.10018E+03   -0.27848E-02    0.50000E+02
  -0.32514E+00    0.10018E+03   -0.27848E-02    0.50000E+02
  -0.32983E+00    0.10018E+03   -0.27848E-02    0.50000E+02
  -0.32983E+00    0.10019E+03   -0.27848E-02    0.50000E+02
  -0.32983E+00    0.10019E+03   -0.27848E-02    0.50000E+02
  -0.32983E+00    0.10019E+03   -0.27848E-02    0.50000E+02
  -0.32983E+00    0.10019E+03   -0.27848E-02    0.50000E+02
  -0.33452E+00    0.10019E+03   -0.27848E-02    0.50000E+02
  -0.33452E+00    0.10019E+03   -0.27848E-02    0.50000E+02
  -0.33452E+00    0.10019E+03   -0.27848E-02    0.50000E+02
  -0.33452E+00    0.10019E+03   -0.27848E-02    0.50000E+02
  -0.33452E+00    0.10019E+03   -0.27848E-02    0.50000E+02
  -0.33922E+00    0.10019E+03   -0.27848E-02    0.50000E+02
  -0.33922E+00    0.10019E+03   -0.27848E-02    0.50000E+02
  -0.33922E+00    0.10019E+03   -0.27848E-02    0.50000E+02
  -0.33922E+00    0.10019E+03   -0.27848E-02    0.50000E+02
  -0.33922E+00    0.10019E+03   -0.27848E-02    0.50000E+02
  -0.34391E+00    0.10019E+03   -0.27848E-02    0.50000E+02
  -0.34391E+00    0.10019E+03   -0.27848E-02    0.50000E+02
  -0.34391E+00    0.10019E+03   -0.27848E-02    0.50000E+02
  -0.34391E+00    0.10019E+03   -0.27848E-02    0.50000E+02
  -0.34391E+00    0.10019E+03   -0.27848E-02    0.50000E+02
  -0.34861E+00    0.10019E+03   -0.27848E-02    0.50000E+02
  -0.34861E+00    0.10020E+03   -0.27848E-02    0.50000E+02
  -0.34861E+00    0.10020E+03   -0.27848E-02    0.50000E+02
  -0.34861E+00    0.10020E+03   -0.27848E-02    0.50000E+02
  -0.34861E+00    0.10020E+03   -0.27848E-02    0.50000E+02
  -0.35330E+00    0.10020E+03   -0.27848E-02    0.50000E+02
  -0.35330E+00    0.10020E+03   -0.27848E-02    0.50000E+02
  -0.35330E+00    0.10020E+03   -0.27848E-02    0.50000E+02
  -0.35330E+00    0.10020E+03   -0.27848E-02    0.50000E+02
  -0.35330E+00    0.10020E+03   -0.27848E-02    0.50000E+02
  -0.35799E+00    0.10020E+03   -0.27848E-02    0.50000E+02
  -0.35799E+00    0.10020E+03   -0.27848E-02    0.50000E+02
  -0.35799E+00    0.10020E+03   -0.27848E-02    0.50000E+02
  -0.35799E+00    0.10020E+03   -0.27848E-02    0.50000E+02
  -0.35799E+00    0.10020E+03   -0.27848E-02    0.50000E+02
  -0.36269E+00    0.10020E+03   -0.27848E-02    0.50000E+02
  -0.36269E+00    0.10020E+03   -0.27848E-02    0.50000E+02
  -0.36269E+00    0.10020E+03   -0.27848E-02    0.50000E+02
  -0.36269E+00    0.10020E+03   -0.27848E-02    0.50000E+02
  -0.36269E+00    0.10020E+03   -0.27848E-02    0.50000E+02
  -0.36738E+00    0.10020E+03   -0.27848E-02    0.50000E+02
  -0.36738E+00    0.10020E+03   -0.27848E-02    0.50000E+02
  -0.36738E+00    0.10021E+03   -0.27848E-02    0.50000E+02
  -0.36738E+00    0.10021E+03   -0.27848E-02    0.50000E+02
  -0.36738E+00    0.10021E+03   -0.27848E-02    0.50000E+02
  -0.37208E+00    0.10021E+03   -0.27848E-02    0.50000E+02
  -0.37208E+00    0.10021E+03   -0.27848E-02    0.50000E+02
  -0.37208E+00    0.10021E+03   -0.27848E-02    0.50000E+02
  -0.37208E+00    0.10021E+03   -0.27848E-02    0.50000E+02
  -0.37208E+00    0.10021E+03   -0.27848E-02    0.50000E+02
  -0.37677E+00    0.10021E+03   -0.27848E-02    0.50000E+02
  -0.37677E+00    0.10021E+03   -0.27848E-02    0.50000E+02
  -0.37677E+00    0.10021E+03   -0.27848E-02    0.50000E+02
  -0.37677E+00    0.10021E+03   -0.27848E-02    0.50000E+02
  -0.37677E+00    0.10021E+03   -0.27848E-02    0.50000E+02
  -0.38146E+00    0.10021E+03   -0.27848E-02    0.50000E+02
  -0.38146E+00    0.10021E+03   -0.27848E-02    0.50000E+02
  -0.38146E+00    0.10021E+03   -0.27848E-02    0.50000E+02
  -0.38146E+00    0.10021E+03   -0.27848E-02    0.50000E+02
  -0.38146E+00    0.10021E+03   -0.27848E-02    0.50000E+02
  -0.38616E+00    0.10021E+03   -0.27848E-02    0.50000E+02
  -0.38616E+00    0.10021E+03   -0.27848E-02    0.50000E+02
  -0.38616E+00    0.10022E+03   -0.27848E-02    0.50000E+02
  -0.38616E+00    0.10022E+03   -0.27848E-02    0.50000E+02
  -0.38616E+00    0.10022E+03   -0.27848E-02    0.50000E+02
  -0.39085E+00    0.10022E+03   -0.27848E-02    0.50000E+02
  -0.39085E+00    0.10022E+03   -0.27848E-02    0.50000E+02
  -0.39085E+00    0.10022E+03   -0.27848E-02    0.50000E+02
  -0.39085E+00    0.10022E+03   -0.27848E-02    0.50000E+02
  -0.39085E+00    0.10022E+03   -0.27848E-02    0.50000E+02
  -0.39555E+00    0.10022E+03   -0.27848E-02    0.50000E+02
  -0.39555E+00    0.10022E+03   -0.27848E-02    0.50000E+02
  -0.39555E+00    0.10022E+03   -0.27848E-02    0.50000E+02
  -0.39555E+00    0.10022E+03   -0.27848E-02    0.50000E+02
  -0.39555E+00    0.10022E+03   -0.27848E-02    0.50000E+02
  -0.40024E+00    0.10022E+03   -0.27848E-02    0.50000E+02
  -0.40024E+00    0.10022E+03   -0.27848E-02    0.50000E+02
  -0.40024E+00    0.10022E+03   -0.27848E-02    0.50000E+02
  -0.40024E+00    0.10022E+03   -0.27848E-02    0.50000E+02
  -0.40024E+00    0.10022E+03   -0.27848E-02    0.50000E+02
  -0.40493E+00    0.10022E+03   -0.27848E-02    0.50000E+02
  -0.40493E+00    0.10022E+03   -0.27848E-02    0.50000E+02
  -0.40493E+00    0.10022E+03   -0.27848E-02    0.50000E+02
  -0.40493E+00    0.10023E+03   -0.27848E-02    0.50000E+02
  -0.40493E+00    0.10023E+03   -0.27848E-02    0.50000E+02
  -0.40963E+00    0.10023E+03   -0.27848E-02    0.50000E+02
  -0.40963E+00    0.10023E+03   -0.27848E-02    0.50000E+02
  -0.40963E+00    0.10023E+03   -0.27848E-02    0.50000E+02
  -0.40963E+00    0.10023E+03   -0.27848E-02    0.50000E+02
  -0.40963E+00    0.10023E+03   -0.27848E-02    0.50000E+02
  -0.41432E+00    0.10023E+03   -0.27848E-02    0.50000E+02
  -0.41432E+00    0.10023E+03   -0.27848E-02    0.50000E+02
  -0.41432E+00    0.10023E+03   -0.27848E-02    0.50000E+02
  -0.41432E+00    0.10023E+03   -0.27848E-02    0.50000E+02
  -0.41432E+00    0.10023E+03   -0.27848E-02    0.50000E+02
  -0.41902E+00    0.10023E+03   -0.27848E-02    0.50000E+02
  -0.41902E+00    0.10023E+03   -0.27848E-02    0.50000E+02
  -0.41902E+00    0.10023E+03   -0.27848E-02    0.50000E+02
  -0.41902E+00    0.10023E+03   -0.27848E-02    0.50000E+02
  -0.41902E+00    0.10023E+03   -0.27848E-02    0.50000E+02
  -0.42371E+00    0.10023E+03   -0.27848E-02    0.50000E+02
  -0.42371E+00    0.10023E+03   -0.27848E-02    0.50000E+02
  -0.42371E+00    0.10023E+03   -0.27848E-02    0.50000E+02
  -0.42371E+00    0.10024E+03   -0.27848E-02    0.50000E+02
  -0.42371E+00    0.10024E+03   -0.27848E-02    0.50000E+02
  -0.42840E+00    0.10024E+03   -0.27848E-02    0.50000E+02
  -0.42840E+00    0.10024E+03   -0.27848E-02    0.50000E+02
  -0.42840E+00    0.10024E+03   -0.27848E-02    0.50000E+02
  -0.42840E+00    0.10024E+03   -0.27848E-02    0.50000E+02
  -0.42840E+00    0.10024E+03   -0.27848E-02    0.50000E+02
  -0.43310E+00    0.10024E+03   -0.27848E-02    0.50000E+02
  -0.43310E+00    0.10024E+03   -0.27848E-02    0.50000E+02
  -0.43310E+00    0.10024E+03   -0.27848E-02    0.50000E+02
  -0.43310E+00    0.10024E+03   -0.27848E-02    0.50000E+02
  -0.43310E+00    0.10024E+03   -0.27848E-02    0.50000E+02
  -0.43779E+00    0.10024E+03   -0.27848E-02    0.50000E+02
  -0.43779E+00    0.10024E+03   -0.27848E-02    0.50000E+02
  -0.43779E+00    0.10024E+03   -0.27848E-02    0.50000E+02
  -0.43779E+00    0.10024E+03   -0.27848E-02    0.50000E+02
  -0.43779E+00    0.10024E+03   -0.27848E-02    0.50000E+02
  -0.44249E+00    0.10024E+03   -0.27848E-02    0.50000E+02
  -0.44249E+00    0.10024E+03   -0.27848E-02    0.50000E+02
  -0.44249E+00    0.10024E+03   -0.27848E-02    0.50000E+02
  -0.44249E+00    0.10024E+03   -0.27848E-02    0.50000E+02
  -0.44249E+00    0.10025E+03   -0.27848E-02    0.50000E+02
  -0.44718E+00    0.10025E+03   -0.27848E-02    0.50000E+02
  -0.44718E+00    0.10025E+03   -0.27848E-02    0.50000E+02
  -0.44718E+00    0.10025E+03   -0.27848E-02    0.50000E+02
  -0.44718E+00    0.10025E+03   -0.27848E-02    0.50000E+02
  -0.44718E+00    0.10025E+03   -0.27848E-02    0.50000E+02
  -0.45187E+00    0.10025E+03   -0.27848E-02    0.50000E+02
  -0.45187E+00    0.10025E+03   -0.27848E-02    0.50000E+02
  -0.45187E+00    0.10025E+03   -0.27848E-02    0.50000E+02
  -0.45187E+00    0.10025E+03   -0.27848E-02    0.50000E+02
  -0.45187E+00    0.10025E+03   -0.27848E-02    0.50000E+02
  -0.45657E+00    0.10025E+03   -0.27848E-02    0.50000E+02
  -0.45657E+00    0.10025E+03   -0.27848E-02    0.50000E+02
  -0.45657E+00    0.10025E+03   -0.27848E-02    0.50000E+02
  -0.45657E+00    0.10025E+03   -0.27848E-02    0.50000E+02
  -0.45657E+00    0.10025E+03   -0.27848E-02    0.50000E+02
  -0.46126E+00    0.10025E+03   -0.27848E-02    0.50000E+02
  -0.46126E+00    0.10025E+03   -0.27848E-02    0.50000E+02
  -0.46126E+00    0.10025E+03   -0.27848E-02    0.50000E+02
  -0.46126E+00    0.10025E+03   -0.27848E-02    0.50000E+02
  -0.46126E+00    0.10026E+03   -0.27848E-02    0.50000E+02
  -0.46596E+00    0.10026E+03   -0.27848E-02    0.50000E+02
  -0.46596E+00    0.10026E+03   -0.27848E-02    0.50000E+02
  -0.46596E+00    0.10026E+03   -0.27848E-02    0.50000E+02
  -0.46596E+00    0.10026E+03   -0.27848E-02    0.50000E+02
  -0.46596E+00    0.10026E+03   -0.27848E-02    0.50000E+02
  -0.47065E+00    0.10026E+03   -0.27848E-02    0.50000E+02
  -0.47065E+00    0.10026E+03   -0.27848E-02    0.50000E+02
  -0.47065E+00    0.10026E+03   -0.27848E-02    0.50000E+02
  -0.47065E+00    0.10026E+03   -0.27848E-02    0.50000E+02
  -0.47065E+00    0.10026E+03   -0.27848E-02    0.50000E+02
  -0.47534E+00    0.10026E+03   -0.27848E-02    0.50000E+02
  -0.47534E+00    0.10026E+03   -0.27848E-02    0.50000E+02
  -0.47534E+00    0.10026E+03   -0.27848E-02    0.50000E+02
  -0.47534E+00    0.10026E+03   -0.27848E-02    0.50000E+02
  -0.47534E+00    0.10026E+03   -0.27848E-02    0.50000E+02
  -0.48004E+00    0.10026E+03   -0.27848E-02    0.50000E+02
  -0.48004E+00    0.10026E+03   -0.27848E-02    0.50000E+02
  -0.48004E+00    0.10026E+03   -0.27848E-02    0.50000E+02
  -0.48004E+00    0.10026E+03   -0.27848E-02    0.50000E+02
  -0.48004E+00    0.10026E+03   -0.27848E-02    0.50000E+02
  -0.48473E+00    0.10027E+03   -0.27848E-02    0.50000E+02
  -0.48473E+00    0.10027E+03   -0.27848E-02    0.50000E+02
  -0.48473E+00    0.10027E+03   -0.27848E-02    0.50000E+02
  -0.48473E+00    0.10027E+03   -0.27848E-02    0.50000E+02
  -0.48473E+00    0.10027E+03   -0.27848E-02    0.50000E+02
  -0.48943E+00    0.10027E+03   -0.27848E-02    0.50000E+02
  -0.48943E+00    0.10027E+03   -0.27848E-02    0.50000E+02
  -0.48943E+00    0.10027E+03   -0.27848E-02    0.50000E+02
  -0.48943E+00    0.10027E+03   -0.27848E-02    0.50000E+02
  -0.48943E+00    0.10027E+03   -0.27848E-02    0.50000E+02
  -0.49412E+00    0.10027E+03   -0.27848E-02    0.50000E+02
  -0.49412E+00    0.10027E+03   -0.27848E-02    0.50000E+02
  -0.49412E+00    0.10027E+03   -0.27848E-02    0.50000E+02
  -0.49412E+00    0.10027E+03   -0.27848E-02    0.50000E+02
  -0.49412E+00    0.10027E+03   -0.27848E-02    0.50000E+02
  -0.49881E+00    0.10027E+03   -0.27848E-02    0.50000E+02
  -0.49881E+00    0.10027E+03   -0.27848E-02    0.50000E+02
  -0.49881E+00    0.10027E+03   -0.27848E-02    0.50000E+02
  -0.49881E+00    0.10027E+03   -0.27848E-02    0.50000E+02
  -0.49881E+00    0.10027E+03   -0.27848E-02    0.50000E+02
  -0.50351E+00    0.10028E+03   -0.27848E-02    0.50000E+02
  -0.50351E+00    0.10028E+03   -0.27848E-02    0.50000E+02
  -0.50351E+00    0.10028E+03   -0.27848E-02    0.50000E+02
  -0.50351E+00    0.10028E+03   -0.27848E-02    0.50000E+02
  -0.50351E+00    0.10028E+03   -0.27848E-02    0.50000E+02
  -0.50820E+00    0.10028E+03   -0.27848E-02    0.50000E+02
  -0.50820E+00    0.10028E+03   -0.27848E-02    0.50000E+02
  -0.50820E+00    0.10028E+03   -0.27848E-02    0.50000E+02
  -0.50820E+00    0.10028E+03   -0.27848E-02    0.50000E+02
  -0.50820E+00    0.10028E+03   -0.27848E-02    0.50000E+02
  -0.51290E+00    0.10028E+03   -0.27848E-02    0.50000E+02
  -0.51290E+00    0.10028E+03   -0.27848E-02    0.50000E+02
  -0.51290E+00    0.10028E+03   -0.27848E-02    0.50000E+02
  -0.51290E+00    0.10028E+03   -0.27848E-02    0.50000E+02
  -0.51290E+00    0.10028E+03   -0.27848E-02    0.50000E+02
  -0.51759E+00    0.10028E+03   -0.27848E-02    0.50000E+02
  -0.51759E+00    0.10028E+03   -0.27848E-02    0.50000E+02
  -0.51759E+00    0.10028E+03   -0.27848E-02    0.50000E+02
  -0.51759E+00    0.10028E+03   -0.27848E-02    0.50000E+02
  -0.51759E+00    0.10028E+03   -0.27848E-02    0.50000E+02
  -0.52229E+00    0.10028E+03   -0.27848E-02    0.50000E+02
  -0.52229E+00    0.10029E+03   -0.27848E-02    0.50000E+02
  -0.52229E+00    0.10029E+03   -0.27848E-02    0.50000E+02
  -0.52229E+00    0.10029E+03   -0.27848E-02    0.50000E+02
  -0.52229E+00    0.10029E+03   -0.27848E-02    0.50000E+02
  -0.52698E+00    0.10029E+03   -0.27848E-02    0.50000E+02
  -0.52698E+00    0.10029E+03   -0.27848E-02    0.50000E+02
  -0.52698E+00    0.10029E+03   -0.27848E-02    0.50000E+02
  -0.52698E+00    0.10029E+03   -0.27848E-02    0.50000E+02
  -0.52698E+00    0.10029E+03   -0.27848E-02    0.50000E+02
  -0.53167E+00    0.10029E+03   -0.27848E-02    0.50000E+02
  -0.53167E+00    0.10029E+03   -0.27848E-02    0.50000E+02
  -0.53167E+00    0.10029E+03   -0.27848E-02    0.50000E+02
  -0.53167E+00    0.10029E+03   -0.27848E-02    0.50000E+02
  -0.53167E+00    0.10029E+03   -0.27848E-02    0.50000E+02
  -0.53637E+00    0.10029E+03   -0.27848E-02    0.50000E+02
  -0.53637E+00    0.10029E+03   -0.27848E-02    0.50000E+02
  -0.53637E+00    0.10029E+03   -0.27848E-02    0.50000E+02
  -0.53637E+00    0.10029E+03   -0.27848E-02    0.50000E+02
  -0.53637E+00    0.10029E+03   -0.27848E-02    0.50000E+02
  -0.54106E+00    0.10029E+03   -0.27848E-02    0.50000E+02
  -0.54106E+00    0.10030E+03   -0.27848E-02    0.50000E+02
  -0.54106E+00    0.10030E+03   -0.27848E-02    0.50000E+02
  -0.54106E+00    0.10030E+03   -0.27848E-02    0.50000E+02
  -0.54106E+00    0.10030E+03   -0.27848E-02    0.50000E+02
  -0.54576E+00    0.10030E+03   -0.27848E-02    0.50000E+02
  -0.54576E+00    0.10030E+03   -0.27848E-02    0.50000E+02
  -0.54576E+00    0.10030E+03   -0.27848E-02    0.50000E+02
  -0.54576E+00    0.10030E+03   -0.27848E-02    0.50000E+02
  -0.54576E+00    0.10030E+03   -0.27848E-02    0.50000E+02
  -0.55045E+00    0.10030E+03   -0.27848E-02    0.50000E+02
  -0.55045E+00    0.10030E+03   -0.27848E-02    0.50000E+02
  -0.55045E+00    0.10030E+03   -0.27848E-02    0.50000E+02
  -0.55045E+00    0.10030E+03   -0.27848E-02    0.50000E+02
  -0.55045E+00    0.10030E+03   -0.27848E-02    0.50000E+02
  -0.55514E+00    0.10030E+03   -0.27848E-02    0.50000E+02
  -0.55514E+00    0.10030E+03   -0.27848E-02    0.50000E+02
  -0.55514E+00    0.10030E+03   -0.27848E-02    0.50000E+02
  -0.55514E+00    0.10030E+03   -0.27848E-02    0.50000E+02
  -0.55514E+00    0.10030E+03   -0.27848E-02    0.50000E+02
  -0.55984E+00    0.10030E+03   -0.27848E-02    0.50000E+02
  -0.55984E+00    0.10030E+03   -0.27848E-02    0.50000E+02
  -0.55984E+00    0.10031E+03   -0.27848E-02    0.50000E+02
  -0.55984E+00    0.10031E+03   -0.27848E-02    0.50000E+02
  -0.55984E+00    0.10031E+03   -0.27848E-02    0.50000E+02
  -0.56453E+00    0.10031E+03   -0.27848E-02    0.50000E+02
  -0.56453E+00    0.10031E+03   -0.27848E-02    0.50000E+02
  -0.56453E+00    0.10031E+03   -0.27848E-02    0.50000E+02
  -0.56453E+00    0.10031E+03   -0.27848E-02    0.50000E+02
  -0.56453E+00    0.10031E+03   -0.27848E-02    0.50000E+02
  -0.56923E+00    0.10031E+03   -0.27848E-02    0.50000E+02
  -0.56923E+00    0.10031E+03   -0.27848E-02    0.50000E+02
  -0.56923E+00    0.10031E+03   -0.27848E-02    0.50000E+02
  -0.56923E+00    0.10031E+03   -0.27848E-02    0.50000E+02
  -0.56923E+00    0.10031E+03   -0.27848E-02    0.50000E+02
  -0.57392E+00    0.10031E+03   -0.27848E-02    0.50000E+02
  -0.57392E+00    0.10031E+03   -0.27848E-02    0.50000E+02
  -0.57392E+00    0.10031E+03   -0.27848E-02    0.50000E+02
  -0.57392E+00    0.10031E+03   -0.27848E-02    0.50000E+02
  -0.57392E+00    0.10031E+03   -0.27848E-02    0.50000E+02
  -0.57861E+00    0.10031E+03   -0.27848E-02    0.50000E+02
  -0.57861E+00    0.10031E+03   -0.27848E-02    0.50000E+02
  -0.57861E+00    0.10032E+03   -0.27848E-02    0.50000E+02
  -0.57861E+00    0.10032E+03   -0.27848E-02    0.50000E+02
  -0.57861E+00    0.10032E+03   -0.27848E-02    0.50000E+02
  -0.58331E+00    0.10032E+03   -0.27848E-02    0.50000E+02
  -0.58331E+00    0.10032E+03   -0.27848E-02    0.50000E+02
  -0.58331E+00    0.10032E+03   -0.27848E-02    0.50000E+02
  -0.58331E+00    0.10032E+03   -0.27848E-02    0.50000E+02
  -0.58331E+00    0.10032E+03   -0.27848E-02    0.50000E+02
  -0.58800E+00    0.10032E+03   -0.27848E-02    0.50000E+02
  -0.58800E+00    0.10032E+03   -0.27848E-02    0.50000E+02
  -0.58800E+00    0.10032E+03   -0.27848E-02    0.50000E+02
  -0.58800E+00    0.10032E+03   -0.27848E-02    0.50000E+02
  -0.58800E+00    0.10032E+03   -0.27848E-02    0.50000E+02
  -0.59270E+00    0.10032E+03   -0.27848E-02    0.50000E+02
  -0.59270E+00    0.10032E+03   -0.27848E-02    0.50000E+02
  -0.59270E+00    0.10032E+03   -0.27848E-02    0.50000E+02
  -0.59270E+00    0.10032E+03   -0.27848E-02    0.50000E+02
  -0.59270E+00    0.10032E+03   -0.27848E-02    0.50000E+02
  -0.59739E+00    0.10032E+03   -0.27848E-02    0.50000E+02
  -0.59739E+00    0.10032E+03   -0.27848E-02    0.50000E+02
  -0.59739E+00    0.10032E+03   -0.27848E-02    0.50000E+02
  -0.59739E+00    0.10033E+03   -0.27848E-02    0.50000E+02
  -0.59739E+00    0.10033E+03   -0.27848E-02    0.50000E+02
  -0.60208E+00    0.10033E+03   -0.27848E-02    0.50000E+02
  -0.60208E+00    0.10033E+03   -0.27848E-02    0.50000E+02
  -0.60208E+00    0.10033E+03   -0.27848E-02    0.50000E+02
  -0.60208E+00    0.10033E+03   -0.27848E-02    0.50000E+02
  -0.60208E+00    0.10033E+03   -0.27848E-02    0.50000E+02
  -0.60678E+00    0.10033E+03   -0.27848E-02    0.50000E+02
  -0.60678E+00    0.10033E+03   -0.27848E-02    0.50000E+02
  -0.60678E+00    0.10033E+03   -0.27848E-02    0.50000E+02
  -0.60678E+00    0.10033E+03   -0.27848E-02    0.50000E+02
  -0.60678E+00    0.10033E+03   -0.27848E-02    0.50000E+02
  -0.61147E+00    0.10033E+03   -0.27848E-02    0.50000E+02
  -0.61147E+00    0.10033E+03   -0.27848E-02    0.50000E+02
  -0.61147E+00    0.10033E+03   -0.27848E-02    0.50000E+02
  -0.61147E+00    0.10033E+03   -0.27848E-02    0.50000E+02
  -0.61147E+00    0.10033E+03   -0.27848E-02    0.50000E+02
  -0.61617E+00    0.10033E+03   -0.27848E-02    0.50000E+02
  -0.61617E+00    0.10033E+03   -0.27848E-02    0.50000E+02
  -0.61617E+00    0.10033E+03   -0.27848E-02    0.50000E+02
  -0.61617E+00    0.10034E+03   -0.27848E-02    0.50000E+02
  -0.61617E+00    0.10034E+03   -0.27848E-02    0.50000E+02
  -0.62086E+00    0.10034E+03   -0.27848E-02    0.50000E+02
  -0.62086E+00    0.10034E+03   -0.27848E-02    0.50000E+02
  -0.62086E+00    0.10034E+03   -0.27848E-02    0.50000E+02
  -0.62086E+00    0.10034E+03   -0.27848E-02    0.50000E+02
  -0.62086E+00    0.10034E+03   -0.27848E-02    0.50000E+02
  -0.62555E+00    0.10034E+03   -0.27848E-02    0.50000E+02
  -0.62555E+00    0.10034E+03   -0.27848E-02    0.50000E+02
  -0.62555E+00    0.10034E+03   -0.27848E-02    0.50000E+02
  -0.62555E+00    0.10034E+03   -0.27848E-02    0.50000E+02
  -0.62555E+00    0.10034E+03   -0.27848E-02    0.50000E+02
  -0.63025E+00    0.10034E+03   -0.27848E-02    0.50000E+02
  -0.63025E+00    0.10034E+03   -0.27848E-02    0.50000E+02
  -0.63025E+00    0.10034E+03   -0.27848E-02    0.50000E+02
  -0.63025E+00    0.10034E+03   -0.27848E-02    0.50000E+02
  -0.63025E+00    0.10034E+03   -0.27848E-02    0.50000E+02
  -0.63494E+00    0.10034E+03   -0.27848E-02    0.50000E+02
  -0.63494E+00    0.10034E+03   -0.27848E-02    0.50000E+02
  -0.63494E+00    0.10034E+03   -0.27848E-02    0.50000E+02
  -0.63494E+00    0.10034E+03   -0.27848E-02    0.50000E+02
  -0.63494E+00    0.10035E+03   -0.27848E-02    0.50000E+02
  -0.63964E+00    0.10035E+03   -0.27848E-02    0.50000E+02
  -0.63964E+00    0.10035E+03   -0.27848E-02    0.50000E+02
  -0.63964E+00    0.10035E+03   -0.27848E-02    0.50000E+02
  -0.63964E+00    0.10035E+03   -0.27848E-02    0.50000E+02
  -0.63964E+00    0.10035E+03   -0.27848E-02    0.50000E+02
  -0.64433E+00    0.10035E+03   -0.27848E-02    0.50000E+02
  -0.64433E+00    0.10035E+03   -0.27848E-02    0.50000E+02
  -0.64433E+00    0.10035E+03   -0.27848E-02    0.50000E+02
  -0.64433E+00    0.10035E+03   -0.27848E-02    0.50000E+02
  -0.64433E+00    0.10035E+03   -0.27848E-02    0.50000E+02
  -0.64902E+00    0.10035E+03   -0.27848E-02    0.50000E+02
  -0.64902E+00    0.10035E+03   -0.27848E-02    0.50000E+02
  -0.64902E+00    0.10035E+03   -0.27848E-02    0.50000E+02
  -0.64902E+00    0.10035E+03   -0.27848E-02    0.50000E+02
  -0.64902E+00    0.10035E+03   -0.27848E-02    0.50000E+02
  -0.65372E+00    0.10035E+03   -0.27848E-02    0.50000E+02
  -0.65372E+00    0.10035E+03   -0.27848E-02    0.50000E+02
  -0.65372E+00    0.10035E+03   -0.27848E-02    0.50000E+02
  -0.65372E+00    0.10035E+03   -0.27848E-02    0.50000E+02
  -0.65372E+00    0.10036E+03   -0.27848E-02    0.50000E+02
  -0.65841E+00    0.10036E+03   -0.27848E-02    0.50000E+02
  -0.65841E+00    0.10036E+03   -0.27848E-02    0.50000E+02
  -0.65841E+00    0.10036E+03   -0.27848E-02    0.50000E+02
  -0.65841E+00    0.10036E+03   -0.27848E-02    0.50000E+02
  -0.65841E+00    0.10036E+03   -0.27848E-02    0.50000E+02
  -0.66311E+00    0.10036E+03   -0.27848E-02    0.50000E+02
  -0.66311E+00    0.10036E+03   -0.27848E-02    0.50000E+02
  -0.66311E+00    0.10036E+03   -0.27848E-02    0.50000E+02
  -0.66311E+00    0.10036E+03   -0.27848E-02    0.50000E+02
  -0.66311E+00    0.10036E+03   -0.27848E-02    0.50000E+02
  -0.66780E+00    0.10036E+03   -0.27848E-02    0.50000E+02
  -0.66780E+00    0.10036E+03   -0.27848E-02    0.50000E+02
  -0.66780E+00    0.10036E+03   -0.27848E-02    0.50000E+02
  -0.66780E+00    0.10036E+03   -0.27848E-02    0.50000E+02
  -0.66780E+00    0.10036E+03   -0.27848E-02    0.50000E+02
  -0.67249E+00    0.10036E+03   -0.27848E-02    0.50000E+02
  -0.67249E+00    0.10036E+03   -0.27848E-02    0.50000E+02
  -0.67249E+00    0.10036E+03   -0.27848E-02    0.50000E+02
  -0.67249E+00    0.10036E+03   -0.27848E-02    0.50000E+02
  -0.67249E+00    0.10036E+03   -0.27848E-02    0.50000E+02
  -0.67719E+00    0.10037E+03   -0.27848E-02    0.50000E+02
  -0.67719E+00    0.10037E+03   -0.27848E-02    0.50000E+02
  -0.67719E+00    0.10037E+03   -0.27848E-02    0.50000E+02
  -0.67719E+00    0.10037E+03   -0.27848E-02    0.50000E+02
  -0.67719E+00    0.10037E+03   -0.27848E-02    0.50000E+02
  -0.68188E+00    0.10037E+03   -0.27848E-02    0.50000E+02
  -0.68188E+00    0.10037E+03   -0.27848E-02    0.50000E+02
  -0.68188E+00    0.10037E+03   -0.27848E-02    0.50000E+02
  -0.68188E+00    0.10037E+03   -0.27848E-02    0.50000E+02
  -0.68188E+00    0.10037E+03   -0.27848E-02    0.50000E+02
  -0.68658E+00    0.10037E+03   -0.27848E-02    0.50000E+02
  -0.68658E+00    0.10037E+03   -0.27848E-02    0.50000E+02
  -0.68658E+00    0.10037E+03   -0.27848E-02    0.50000E+02
  -0.68658E+00    0.10037E+03   -0.27848E-02    0.50000E+02
  -0.68658E+00    0.10037E+03   -0.27848E-02    0.50000E+02
  -0.69127E+00    0.10037E+03   -0.27848E-02    0.50000E+02
  -0.69127E+00    0.10037E+03   -0.27848E-02    0.50000E+02
  -0.69127E+00    0.10037E+03   -0.27848E-02    0.50000E+02
  -0.69127E+00    0.10037E+03   -0.27848E-02    0.50000E+02
  -0.69127E+00    0.10037E+03   -0.27848E-02    0.50000E+02
  -0.69596E+00    0.10038E+03   -0.27848E-02    0.50000E+02
  -0.69596E+00    0.10038E+03   -0.27848E-02    0.50000E+02
  -0.69596E+00    0.10038E+03   -0.27848E-02    0.50000E+02
  -0.69596E+00    0.10038E+03   -0.27848E-02    0.50000E+02
  -0.69596E+00    0.10038E+03   -0.27848E-02    0.50000E+02
  -0.70066E+00    0.10038E+03   -0.27848E-02    0.50000E+02
  -0.70066E+00    0.10038E+03   -0.27848E-02    0.50000E+02
  -0.70066E+00    0.10038E+03   -0.27848E-02    0.50000E+02
  -0.70066E+00    0.10038E+03   -0.27848E-02    0.50000E+02
  -0.70066E+00    0.10038E+03   -0.27848E-02    0.50000E+02
  -0.70535E+00    0.10038E+03   -0.27848E-02    0.50000E+02
  -0.70535E+00    0.10038E+03   -0.27848E-02    0.50000E+02
  -0.70535E+00    0.10038E+03   -0.27848E-02    0.50000E+02
  -0.70535E+00    0.10038E+03   -0.27848E-02    0.50000E+02
  -0.70535E+00    0.10038E+03   -0.27848E-02    0.50000E+02
  -0.71005E+00    0.10038E+03   -0.27848E-02    0.50000E+02
  -0.71005E+00    0.10038E+03   -0.27848E-02    0.50000E+02
  -0.71005E+00    0.10038E+03   -0.27848E-02    0.50000E+02
  -0.71005E+00    0.10038E+03   -0.27848E-02    0.50000E+02
  -0.71005E+00    0.10038E+03   -0.27848E-02    0.50000E+02
  -0.71474E+00    0.10038E+03   -0.27848E-02    0.50000E+02
  -0.71474E+00    0.10039E+03   -0.27848E-02    0.50000E+02
  -0.71474E+00    0.10039E+03   -0.27848E-02    0.50000E+02
  -0.71474E+00    0.10039E+03   -0.27848E-02    0.50000E+02
  -0.71474E+00    0.10039E+03   -0.27848E-02    0.50000E+02
  -0.71944E+00    0.10039E+03   -0.27848E-02    0.50000E+02
  -0.71944E+00    0.10039E+03   -0.27848E-02    0.50000E+02
  -0.71944E+00    0.10039E+03   -0.27848E-02    0.50000E+02
  -0.71944E+00    0.10039E+03   -0.27848E-02    0.50000E+02
  -0.71944E+00    0.10039E+03   -0.27848E-02    0.50000E+02
  -0.72413E+00    0.10039E+03   -0.27848E-02    0.50000E+02
  -0.72413E+00    0.10039E+03   -0.27848E-02    0.50000E+02
  -0.72413E+00    0.10039E+03   -0.27848E-02    0.50000E+02
  -0.72413E+00    0.10039E+03   -0.27848E-02    0.50000E+02
  -0.72413E+00    0.10039E+03   -0.27848E-02    0.50000E+02
  -0.72882E+00    0.10039E+03   -0.27848E-02    0.50000E+02
  -0.72882E+00    0.10039E+03   -0.27848E-02    0.50000E+02
  -0.72882E+00    0.10039E+03   -0.27848E-02    0.50000E+02
  -0.72882E+00    0.10039E+03   -0.27848E-02    0.50000E+02
  -0.72882E+00    0.10039E+03   -0.27848E-02    0.50000E+02
  -0.73352E+00    0.10039E+03   -0.27848E-02    0.50000E+02
  -0.73352E+00    0.10040E+03   -0.27848E-02    0.50000E+02
  -0.73352E+00    0.10040E+03   -0.27848E-02    0.50000E+02
  -0.73352E+00    0.10040E+03   -0.27848E-02    0.50000E+02
  -0.73352E+00    0.10040E+03   -0.27848E-02    0.50000E+02
  -0.73821E+00    0.10040E+03   -0.27848E-02    0.50000E+02
  -0.73821E+00    0.10040E+03   -0.27848E-02    0.50000E+02
  -0.73821E+00    0.10040E+03   -0.27848E-02    0.50000E+02
  -0.73821E+00    0.10040E+03   -0.27848E-02    0.50000E+02
  -0.73821E+00    0.10040E+03   -0.27848E-02    0.50000E+02
  -0.74291E+00    0.10040E+03   -0.27848E-02    0.50000E+02
  -0.74291E+00    0.10040E+03   -0.27848E-02    0.50000E+02
  -0.74291E+00    0.10040E+03   -0.27848E-02    0.50000E+02
  -0.74291E+00    0.10040E+03   -0.27848E-02    0.50000E+02
  -0.74291E+00    0.10040E+03   -0.27848E-02    0.50000E+02
  -0.74760E+00    0.10040E+03   -0.27848E-02    0.50000E+02
  -0.74760E+00    0.10040E+03   -0.27848E-02    0.50000E+02
  -0.74760E+00    0.10040E+03   -0.27848E-02    0.50000E+02
  -0.74760E+00    0.10040E+03   -0.27848E-02    0.50000E+02
  -0.74760E+00    0.10040E+03   -0.27848E-02    0.50000E+02
  -0.75229E+00    0.10040E+03   -0.27848E-02    0.50000E+02
  -0.75229E+00    0.10040E+03   -0.27848E-02    0.50000E+02
  -0.75229E+00    0.10041E+03   -0.27848E-02    0.50000E+02
  -0.75229E+00    0.10041E+03   -0.27848E-02    0.50000E+02
  -0.75229E+00    0.10041E+03   -0.27848E-02    0.50000E+02
  -0.75699E+00    0.10041E+03   -0.27848E-02    0.50000E+02
  -0.75699E+00    0.10041E+03   -0.27848E-02    0.50000E+02
  -0.75699E+00    0.10041E+03   -0.27848E-02    0.50000E+02
  -0.75699E+00    0.10041E+03   -0.27848E-02    0.50000E+02
  -0.75699E+00    0.10041E+03   -0.27848E-02    0.50000E+02
  -0.76168E+00    0.10041E+03   -0.27848E-02    0.50000E+02
  -0.76168E+00    0.10041E+03   -0.27848E-02    0.50000E+02
  -0.76168E+00    0.10041E+03   -0.27848E-02    0.50000E+02
  -0.76168E+00    0.10041E+03   -0.27848E-02    0.50000E+02
  -0.76168E+00    0.10041E+03   -0.27848E-02    0.50000E+02
  -0.76638E+00    0.10041E+03   -0.27848E-02    0.50000E+02
  -0.76638E+00    0.10041E+03   -0.27848E-02    0.50000E+02
  -0.76638E+00    0.10041E+03   -0.27848E-02    0.50000E+02
  -0.76638E+00    0.10041E+03   -0.27848E-02    0.50000E+02
  -0.76638E+00    0.10041E+03   -0.27848E-02    0.50000E+02
  -0.77107E+00    0.10041E+03   -0.27848E-02    0.50000E+02
  -0.77107E+00    0.10041E+03   -0.27848E-02    0.50000E+02
  -0.77107E+00    0.10042E+03   -0.27848E-02    0.50000E+02
  -0.77107E+00    0.10042E+03   -0.27848E-02    0.50000E+02
  -0.77107E+00    0.10042E+03   -0.27848E-02    0.50000E+02
  -0.77576E+00    0.10042E+03   -0.27848E-02    0.50000E+02
  -0.77576E+00    0.10042E+03   -0.27848E-02    0.50000E+02
  -0.77576E+00    0.10042E+03   -0.27848E-02    0.50000E+02
  -0.77576E+00    0.10042E+03   -0.27848E-02    0.50000E+02
  -0.77576E+00    0.10042E+03   -0.27848E-02    0.50000E+02
  -0.78046E+00    0.10042E+03   -0.27848E-02    0.50000E+02
  -0.78046E+00    0.10042E+03   -0.27848E-02    0.50000E+02
  -0.78046E+00    0.10042E+03   -0.27848E-02    0.50000E+02
  -0.78046E+00    0.10042E+03   -0.27848E-02    0.50000E+02
  -0.78046E+00    0.10042E+03   -0.27848E-02    0.50000E+02
  -0.78515E+00    0.10042E+03   -0.27848E-02    0.50000E+02
  -0.78515E+00    0.10042E+03   -0.27848E-02    0.50000E+02
  -0.78515E+00    0.10042E+03   -0.27848E-02    0.50000E+02
  -0.78515E+00    0.10042E+03   -0.27848E-02    0.50000E+02
  -0.78515E+00    0.10042E+03   -0.27848E-02    0.50000E+02
  -0.78985E+00    0.10042E+03   -0.27848E-02    0.50000E+02
  -0.78985E+00    0.10042E+03   -0.27848E-02    0.50000E+02
  -0.78985E+00    0.10042E+03   -0.27848E-02    0.50000E+02
  -0.78985E+00    0.10043E+03   -0.27848E-02    0.50000E+02
  -0.78985E+00    0.10043E+03   -0.27848E-02    0.50000E+02
  -0.79454E+00    0.10043E+03   -0.27848E-02    0.50000E+02
  -0.79454E+00    0.10043E+03   -0.27848E-02    0.50000E+02
  -0.79454E+00    0.10043E+03   -0.27848E-02    0.50000E+02
  -0.79454E+00    0.10043E+03   -0.27848E-02    0.50000E+02
  -0.79454E+00    0.10043E+03   -0.27848E-02    0.50000E+02
  -0.79923E+00    0.10043E+03   -0.27848E-02    0.50000E+02
  -0.79923E+00    0.10043E+03   -0.27848E-02    0.50000E+02
  -0.79923E+00    0.10043E+03   -0.27848E-02    0.50000E+02
  -0.79923E+00    0.10043E+03   -0.27848E-02    0.50000E+02
  -0.79923E+00    0.10043E+03   -0.27848E-02    0.50000E+02
  -0.80393E+00    0.10043E+03   -0.27848E-02    0.50000E+02
  -0.80393E+00    0.10043E+03   -0.27848E-02    0.50000E+02
  -0.80393E+00    0.10043E+03   -0.27848E-02    0.50000E+02
  -0.80393E+00    0.10043E+03   -0.27848E-02    0.50000E+02
  -0.80393E+00    0.10043E+03   -0.27848E-02    0.50000E+02
  -0.80862E+00    0.10043E+03   -0.27848E-02    0.50000E+02
  -0.80862E+00    0.10043E+03   -0.27848E-02    0.50000E+02
  -0.80862E+00    0.10043E+03   -0.27848E-02    0.50000E+02
  -0.80862E+00    0.10044E+03   -0.27848E-02    0.50000E+02
  -0.80862E+00    0.10044E+03   -0.27848E-02    0.50000E+02
  -0.81332E+00    0.10044E+03   -0.27848E-02    0.50000E+02
  -0.81332E+00    0.10044E+03   -0.27848E-02    0.50000E+02
  -0.81332E+00    0.10044E+03   -0.27848E-02    0.50000E+02
  -0.81332E+00    0.10044E+03   -0.27848E-02    0.50000E+02
  -0.81332E+00    0.10044E+03   -0.27848E-02    0.50000E+02
  -0.81801E+00    0.10044E+03   -0.27848E-02    0.50000E+02
  -0.81801E+00    0.10044E+03   -0.27848E-02    0.50000E+02
  -0.81801E+00    0.10044E+03   -0.27848E-02    0.50000E+02
  -0.81801E+00    0.10044E+03   -0.27848E-02    0.50000E+02
  -0.81801E+00    0.10044E+03   -0.27848E-02    0.50000E+02
  -0.82270E+00    0.10044E+03   -0.27848E-02    0.50000E+02
  -0.82270E+00    0.10044E+03   -0.27848E-02    0.50000E+02
  -0.82270E+00    0.10044E+03   -0.27848E-02    0.50000E+02
  -0.82270E+00    0.10044E+03   -0.27848E-02    0.50000E+02
  -0.82270E+00    0.10044E+03   -0.27848E-02    0.50000E+02
  -0.82740E+00    0.10044E+03   -0.27848E-02    0.50000E+02
  -0.82740E+00    0.10044E+03   -0.27848E-02    0.50000E+02
  -0.82740E+00    0.10044E+03   -0.27848E-02    0.50000E+02
  -0.82740E+00    0.10044E+03   -0.27848E-02    0.50000E+02
  -0.82740E+00    0.10045E+03   -0.27848E-02    0.50000E+02
  -0.83209E+00    0.10045E+03   -0.27848E-02    0.50000E+02
  -0.83209E+00    0.10045E+03   -0.27848E-02    0.50000E+02
  -0.83209E+00    0.10045E+03   -0.27848E-02    0.50000E+02
  -0.83209E+00    0.10045E+03   -0.27848E-02    0.50000E+02
  -0.83209E+00    0.10045E+03   -0.27848E-02    0.50000E+02
  -0.83679E+00    0.10045E+03   -0.27848E-02    0.50000E+02
  -0.83679E+00    0.10045E+03   -0.27848E-02    0.50000E+02
  -0.83679E+00    0.10045E+03   -0.27848E-02    0.50000E+02
  -0.83679E+00    0.10045E+03   -0.27848E-02    0.50000E+02
  -0.83679E+00    0.10045E+03   -0.27848E-02    0.50000E+02
  -0.84148E+00    0.10045E+03   -0.27848E-02    0.50000E+02
  -0.84148E+00    0.10045E+03   -0.27848E-02    0.50000E+02
  -0.84148E+00    0.10045E+03   -0.27848E-02    0.50000E+02
  -0.84148E+00    0.10045E+03   -0.27848E-02    0.50000E+02
  -0.84148E+00    0.10045E+03   -0.27848E-02    0.50000E+02
  -0.84617E+00    0.10045E+03   -0.27848E-02    0.50000E+02
  -0.84617E+00    0.10045E+03   -0.27848E-02    0.50000E+02
  -0.84617E+00    0.10045E+03   -0.27848E-02    0.50000E+02
  -0.84617E+00    0.10045E+03   -0.27848E-02    0.50000E+02
  -0.84617E+00    0.10046E+03   -0.27848E-02    0.50000E+02
  -0.85087E+00    0.10046E+03   -0.27848E-02    0.50000E+02
  -0.85087E+00    0.10046E+03   -0.27848E-02    0.50000E+02
  -0.85087E+00    0.10046E+03   -0.27848E-02    0.50000E+02
  -0.85087E+00    0.10046E+03   -0.27848E-02    0.50000E+02
  -0.85087E+00    0.10046E+03   -0.27848E-02    0.50000E+02
  -0.85556E+00    0.10046E+03   -0.27848E-02    0.50000E+02
  -0.85556E+00    0.10046E+03   -0.27848E-02    0.50000E+02
  -0.85556E+00    0.10046E+03   -0.27848E-02    0.50000E+02
  -0.85556E+00    0.10046E+03   -0.27848E-02    0.50000E+02
  -0.85556E+00    0.10046E+03   -0.27848E-02    0.50000E+02
  -0.86026E+00    0.10046E+03   -0.27848E-02    0.50000E+02
  -0.86026E+00    0.10046E+03   -0.27848E-02    0.50000E+02
  -0.86026E+00    0.10046E+03   -0.27848E-02    0.50000E+02
  -0.86026E+00    0.10046E+03   -0.27848E-02    0.50000E+02
  -0.86026E+00    0.10046E+03   -0.27848E-02    0.50000E+02
  -0.86495E+00    0.10046E+03   -0.27848E-02    0.50000E+02
  -0.86495E+00    0.10046E+03   -0.27848E-02    0.50000E+02
  -0.86495E+00    0.10046E+03   -0.27848E-02    0.50000E+02
  -0.86495E+00    0.10046E+03   -0.27848E-02    0.50000E+02
  -0.86495E+00    0.10046E+03   -0.27848E-02    0.50000E+02
  -0.86964E+00    0.10047E+03   -0.27848E-02    0.50000E+02
  -0.86964E+00    0.10047E+03   -0.27848E-02    0.50000E+02
  -0.86964E+00    0.10047E+03   -0.27848E-02    0.50000E+02
  -0.86964E+00    0.10047E+03   -0.27848E-02    0.50000E+02
  -0.86964E+00    0.10047E+03   -0.27848E-02    0.50000E+02
  -0.87434E+00    0.10047E+03   -0.27848E-02    0.50000E+02
  -0.87434E+00    0.10047E+03   -0.27848E-02    0.50000E+02
  -0.87434E+00    0.10047E+03   -0.27848E-02    0.50000E+02
  -0.87434E+00    0.10047E+03   -0.27848E-02    0.50000E+02
  -0.87434E+00    0.10047E+03   -0.27848E-02    0.50000E+02
  -0.87903E+00    0.10047E+03   -0.27848E-02    0.50000E+02
  -0.87903E+00    0.10047E+03   -0.27848E-02    0.50000E+02
  -0.87903E+00    0.10047E+03   -0.27848E-02    0.50000E+02
  -0.87903E+00    0.10047E+03   -0.27848E-02    0.50000E+02
  -0.87903E+00    0.10047E+03   -0.27848E-02    0.50000E+02
  -0.88373E+00    0.10047E+03   -0.27848E-02    0.50000E+02
  -0.88373E+00    0.10047E+03   -0.27848E-02    0.50000E+02
  -0.88373E+00    0.10047E+03   -0.27848E-02    0.50000E+02
  -0.88373E+00    0.10047E+03   -0.27848E-02    0.50000E+02
  -0.88373E+00    0.10047E+03   -0.27848E-02    0.50000E+02
  -0.88842E+00    0.10048E+03   -0.27848E-02    0.50000E+02
  -0.88842E+00    0.10048E+03   -0.27848E-02    0.50000E+02
  -0.88842E+00    0.10048E+03   -0.27848E-02    0.50000E+02
  -0.88842E+00    0.10048E+03   -0.27848E-02    0.50000E+02
  -0.88842E+00    0.10048E+03   -0.27848E-02    0.50000E+02
  -0.89311E+00    0.10048E+03   -0.27848E-02    0.50000E+02
  -0.89311E+00    0.10048E+03   -0.27848E-02    0.50000E+02
  -0.89311E+00    0.10048E+03   -0.27848E-02    0.50000E+02
  -0.89311E+00    0.10048E+03   -0.27848E-02    0.50000E+02
  -0.89311E+00    0.10048E+03   -0.27848E-02    0.50000E+02
  -0.89781E+00    0.10048E+03   -0.27848E-02    0.50000E+02
  -0.89781E+00    0.10048E+03   -0.27848E-02    0.50000E+02
  -0.89781E+00    0.10048E+03   -0.27848E-02    0.50000E+02
  -0.89781E+00    0.10048E+03   -0.27848E-02    0.50000E+02
  -0.89781E+00    0.10048E+03   -0.27848E-02    0.50000E+02
  -0.90250E+00    0.10048E+03   -0.27848E-02    0.50000E+02
  -0.90250E+00    0.10048E+03   -0.27848E-02    0.50000E+02
  -0.90250E+00    0.10048E+03   -0.27848E-02    0.50000E+02
  -0.90250E+00    0.10048E+03   -0.27848E-02    0.50000E+02
  -0.90250E+00    0.10048E+03   -0.27848E-02    0.50000E+02
  -0.90720E+00    0.10048E+03   -0.27848E-02    0.50000E+02
  -0.90720E+00    0.10049E+03   -0.27848E-02    0.50000E+02
  -0.90720E+00    0.10049E+03   -0.27848E-02    0.50000E+02
  -0.90720E+00    0.10049E+03   -0.27848E-02    0.50000E+02
  -0.90720E+00    0.10049E+03   -0.27848E-02    0.50000E+02
  -0.91189E+00    0.10049E+03   -0.27848E-02    0.50000E+02
  -0.91189E+00    0.10049E+03   -0.27848E-02    0.50000E+02
  -0.91189E+00    0.10049E+03   -0.27848E-02    0.50000E+02
  -0.91189E+00    0.10049E+03   -0.27848E-02    0.50000E+02
  -0.91189E+00    0.10049E+03   -0.27848E-02    0.50000E+02
  -0.91659E+00    0.10049E+03   -0.27848E-02    0.50000E+02
  -0.91659E+00    0.10049E+03   -0.27848E-02    0.50000E+02
  -0.91659E+00    0.10049E+03   -0.27848E-02    0.50000E+02
  -0.91659E+00    0.10049E+03   -0.27848E-02    0.50000E+02
  -0.91659E+00    0.10049E+03   -0.27848E-02    0.50000E+02
  -0.92128E+00    0.10049E+03   -0.27848E-02    0.50000E+02
  -0.92128E+00    0.10049E+03   -0.27848E-02    0.50000E+02
  -0.92128E+00    0.10049E+03   -0.27848E-02    0.50000E+02
  -0.92128E+00    0.10049E+03   -0.27848E-02    0.50000E+02
  -0.92128E+00    0.10049E+03   -0.27848E-02    0.50000E+02
  -0.92597E+00    0.10049E+03   -0.27848E-02    0.50000E+02
  -0.92597E+00    0.10050E+03   -0.27848E-02    0.50000E+02
  -0.92597E+00    0.10050E+03   -0.27848E-02    0.50000E+02
  -0.92597E+00    0.10050E+03   -0.27848E-02    0.50000E+02
  -0.92597E+00    0.10050E+03   -0.27848E-02    0.50000E+02
  -0.93067E+00    0.10050E+03   -0.27848E-02    0.50000E+02
  -0.93067E+00    0.10050E+03   -0.27848E-02    0.50000E+02
  -0.93067E+00    0.10050E+03   -0.27848E-02    0.50000E+02
  -0.93067E+00    0.10050E+03   -0.27848E-02    0.50000E+02
  -0.93067E+00    0.10050E+03   -0.27848E-02    0.50000E+02
  -0.93536E+00    0.10050E+03   -0.27848E-02    0.50000E+02
  -0.93536E+00    0.10050E+03   -0.27848E-02    0.50000E+02
  -0.93536E+00    0.10050E+03   -0.27848E-02    0.50000E+02
  -0.93536E+00    0.10050E+03   -0.27848E-02    0.50000E+02
  -0.93536E+00    0.10050E+03   -0.27848E-02    0.50000E+02
  -0.94006E+00    0.10050E+03   -0.27848E-02    0.50000E+02
  -0.94006E+00    0.10050E+03   -0.27848E-02    0.50000E+02
  -0.94006E+00    0.10050E+03   -0.27848E-02    0.50000E+02
  -0.94006E+00    0.10050E+03   -0.27848E-02    0.50000E+02
  -0.94006E+00    0.10050E+03   -0.27848E-02    0.50000E+02
  -0.94475E+00    0.10050E+03   -0.27848E-02    0.50000E+02
  -0.94475E+00    0.10050E+03   -0.27848E-02    0.50000E+02
  -0.94475E+00    0.10051E+03   -0.27848E-02    0.50000E+02
  -0.94475E+00    0.10051E+03   -0.27848E-02    0.50000E+02
  -0.94475E+00    0.10051E+03   -0.27848E-02    0.50000E+02
  -0.94944E+00    0.10051E+03   -0.27848E-02    0.50000E+02
  -0.94944E+00    0.10051E+03   -0.27848E-02    0.50000E+02
  -0.94944E+00    0.10051E+03   -0.27848E-02    0.50000E+02
  -0.94944E+00    0.10051E+03   -0.27848E-02    0.50000E+02
  -0.94944E+00    0.10051E+03   -0.27848E-02    0.50000E+02
  -0.95414E+00    0.10051E+03   -0.27848E-02    0.50000E+02
  -0.95414E+00    0.10051E+03   -0.27848E-02    0.50000E+02
  -0.95414E+00    0.10051E+03   -0.27848E-02    0.50000E+02
  -0.95414E+00    0.10051E+03   -0.27848E-02    0.50000E+02
  -0.95414E+00    0.10051E+03   -0.27848E-02    0.50000E+02
  -0.95883E+00    0.10051E+03   -0.27848E-02    0.50000E+02
  -0.95883E+00    0.10051E+03   -0.27848E-02    0.50000E+02
  -0.95883E+00    0.10051E+03   -0.27848E-02    0.50000E+02
  -0.95883E+00    0.10051E+03   -0.27848E-02    0.50000E+02
  -0.95883E+00    0.10051E+03   -0.27848E-02    0.50000E+02
  -0.96353E+00    0.10051E+03   -0.27848E-02    0.50000E+02
  -0.96353E+00    0.10051E+03   -0.27848E-02    0.50000E+02
  -0.96353E+00    0.10052E+03   -0.27848E-02    0.50000E+02
  -0.96353E+00    0.10052E+03   -0.27848E-02    0.50000E+02
  -0.96353E+00    0.10052E+03   -0.27848E-02    0.50000E+02
  -0.96822E+00    0.10052E+03   -0.27848E-02    0.50000E+02
  -0.96822E+00    0.10052E+03   -0.27848E-02    0.50000E+02
  -0.96822E+00    0.10052E+03   -0.27848E-02    0.50000E+02
  -0.96822E+00    0.10052E+03   -0.27848E-02    0.50000E+02
  -0.96822E+00    0.10052E+03   -0.27848E-02    0.50000E+02
  -0.97291E+00    0.10052E+03   -0.27848E-02    0.50000E+02
  -0.97291E+00    0.10052E+03   -0.27848E-02    0.50000E+02
  -0.97291E+00    0.10052E+03   -0.27848E-02    0.50000E+02
  -0.97291E+00    0.10052E+03   -0.27848E-02    0.50000E+02
  -0.97291E+00    0.10052E+03   -0.27848E-02    0.50000E+02
  -0.97761E+00    0.10052E+03   -0.27848E-02    0.50000E+02
  -0.97761E+00    0.10052E+03   -0.27848E-02    0.50000E+02
  -0.97761E+00    0.10052E+03   -0.27848E-02    0.50000E+02
  -0.97761E+00    0.10052E+03   -0.27848E-02    0.50000E+02
  -0.97761E+00    0.10052E+03   -0.27848E-02    0.50000E+02
  -0.98230E+00    0.10052E+03   -0.27848E-02    0.50000E+02
  -0.98230E+00    0.10052E+03   -0.27848E-02    0.50000E+02
  -0.98230E+00    0.10052E+03   -0.27848E-02    0.50000E+02
  -0.98230E+00    0.10053E+03   -0.27848E-02    0.50000E+02
  -0.98230E+00    0.10053E+03   -0.27848E-02    0.50000E+02
  -0.98700E+00    0.10053E+03   -0.27848E-02    0.50000E+02
  -0.98700E+00    0.10053E+03   -0.27848E-02    0.50000E+02
  -0.98700E+00    0.10053E+03   -0.27848E-02    0.50000E+02
  -0.98700E+00    0.10053E+03   -0.27848E-02    0.50000E+02
  -0.98700E+00    0.10053E+03   -0.27848E-02    0.50000E+02
  -0.99169E+00    0.10053E+03   -0.27848E-02    0.50000E+02
  -0.99169E+00    0.10053E+03   -0.27848E-02    0.50000E+02
  -0.99169E+00    0.10053E+03   -0.27848E-02    0.50000E+02
  -0.99169E+00    0.10053E+03   -0.27848E-02    0.50000E+02
  -0.99169E+00    0.10053E+03   -0.27848E-02    0.50000E+02
  -0.99638E+00    0.10053E+03   -0.27848E-02    0.50000E+02
  -0.99638E+00    0.10053E+03   -0.27848E-02    0.50000E+02
  -0.99638E+00    0.10053E+03   -0.27848E-02    0.50000E+02
  -0.99638E+00    0.10053E+03   -0.27848E-02    0.50000E+02
  -0.99638E+00    0.10053E+03   -0.27848E-02    0.50000E+02
  -0.10011E+01    0.10053E+03   -0.27848E-02    0.50000E+02
  -0.10011E+01    0.10053E+03   -0.27848E-02    0.50000E+02
  -0.10011E+01    0.10053E+03   -0.27848E-02    0.50000E+02
  -0.10011E+01    0.10054E+03   -0.27848E-02    0.50000E+02
  -0.10011E+01    0.10054E+03   -0.27848E-02    0.50000E+02
  -0.10058E+01    0.10054E+03   -0.27848E-02    0.50000E+02
  -0.10058E+01    0.10054E+03   -0.27848E-02    0.50000E+02
  -0.10058E+01    0.10054E+03   -0.27848E-02    0.50000E+02
  -0.10058E+01    0.10054E+03   -0.27848E-02    0.50000E+02
  -0.10058E+01    0.10054E+03   -0.27848E-02    0.50000E+02
  -0.10105E+01    0.10054E+03   -0.27848E-02    0.50000E+02
  -0.10105E+01    0.10054E+03   -0.27848E-02    0.50000E+02
  -0.10105E+01    0.10054E+03   -0.27848E-02    0.50000E+02
  -0.10105E+01    0.10054E+03   -0.27848E-02    0.50000E+02
  -0.10105E+01    0.10054E+03   -0.27848E-02    0.50000E+02
  -0.10152E+01    0.10054E+03   -0.27848E-02    0.50000E+02
  -0.10152E+01    0.10054E+03   -0.27848E-02    0.50000E+02
  -0.10152E+01    0.10054E+03   -0.27848E-02    0.50000E+02
  -0.10152E+01    0.10054E+03   -0.27848E-02    0.50000E+02
  -0.10152E+01    0.10054E+03   -0.27848E-02    0.50000E+02
  -0.10199E+01    0.10054E+03   -0.27848E-02    0.50000E+02
  -0.10199E+01    0.10054E+03   -0.27848E-02    0.50000E+02
  -0.10199E+01    0.10054E+03   -0.27848E-02    0.50000E+02
  -0.10199E+01    0.10054E+03   -0.27848E-02    0.50000E+02
  -0.10199E+01    0.10055E+03   -0.27848E-02    0.50000E+02
  -0.10245E+01    0.10055E+03   -0.27848E-02    0.50000E+02
  -0.10245E+01    0.10055E+03   -0.27848E-02    0.50000E+02
  -0.10245E+01    0.10055E+03   -0.27848E-02    0.50000E+02
  -0.10245E+01    0.10055E+03   -0.27848E-02    0.50000E+02
  -0.10245E+01    0.10055E+03   -0.27848E-02    0.50000E+02
  -0.10292E+01    0.10055E+03   -0.27848E-02    0.50000E+02
  -0.10292E+01    0.10055E+03   -0.27848E-02    0.50000E+02
  -0.10292E+01    0.10055E+03   -0.27848E-02    0.50000E+02
  -0.10292E+01    0.10055E+03   -0.27848E-02    0.50000E+02
  -0.10292E+01    0.10055E+03   -0.27848E-02    0.50000E+02
  -0.10339E+01    0.10055E+03   -0.27848E-02    0.50000E+02
  -0.10339E+01    0.10055E+03   -0.27848E-02    0.50000E+02
  -0.10339E+01    0.10055E+03   -0.27848E-02    0.50000E+02
  -0.10339E+01    0.10055E+03   -0.27848E-02    0.50000E+02
  -0.10339E+01    0.10055E+03   -0.27848E-02    0.50000E+02
  -0.10386E+01    0.10055E+03   -0.27848E-02    0.50000E+02
  -0.10386E+01    0.10055E+03   -0.27848E-02    0.50000E+02
  -0.10386E+01    0.10055E+03   -0.27848E-02    0.50000E+02
  -0.10386E+01    0.10055E+03   -0.27848E-02    0.50000E+02
  -0.10386E+01    0.10056E+03   -0.27848E-02    0.50000E+02
  -0.10433E+01    0.10056E+03   -0.27848E-02    0.50000E+02
  -0.10433E+01    0.10056E+03   -0.27848E-02    0.50000E+02
  -0.10433E+01    0.10056E+03   -0.27848E-02    0.50000E+02
  -0.10433E+01    0.10056E+03   -0.27848E-02    0.50000E+02
  -0.10433E+01    0.10056E+03   -0.27848E-02    0.50000E+02
  -0.10480E+01    0.10056E+03   -0.27848E-02    0.50000E+02
  -0.10480E+01    0.10056E+03   -0.27848E-02    0.50000E+02
  -0.10480E+01    0.10056E+03   -0.27848E-02    0.50000E+02
  -0.10480E+01    0.10056E+03   -0.27848E-02    0.50000E+02
  -0.10480E+01    0.10056E+03   -0.27848E-02    0.50000E+02
  -0.10527E+01    0.10056E+03   -0.27848E-02    0.50000E+02
  -0.10527E+01    0.10056E+03   -0.27848E-02    0.50000E+02
  -0.10527E+01    0.10056E+03   -0.27848E-02    0.50000E+02
  -0.10527E+01    0.10056E+03   -0.27848E-02    0.50000E+02
  -0.10527E+01    0.10056E+03   -0.27848E-02    0.50000E+02
  -0.10574E+01    0.10056E+03   -0.27848E-02    0.50000E+02
  -0.10574E+01    0.10056E+03   -0.27848E-02    0.50000E+02
  -0.10574E+01    0.10056E+03   -0.27848E-02    0.50000E+02
  -0.10574E+01    0.10056E+03   -0.27848E-02    0.50000E+02
  -0.10574E+01    0.10056E+03   -0.27848E-02    0.50000E+02
  -0.10621E+01    0.10057E+03   -0.27848E-02    0.50000E+02
  -0.10621E+01    0.10057E+03   -0.27848E-02    0.50000E+02
  -0.10621E+01    0.10057E+03   -0.27848E-02    0.50000E+02
  -0.10621E+01    0.10057E+03   -0.27848E-02    0.50000E+02
  -0.10621E+01    0.10057E+03   -0.27848E-02    0.50000E+02
  -0.10668E+01    0.10057E+03   -0.27848E-02    0.50000E+02
  -0.10668E+01    0.10057E+03   -0.27848E-02    0.50000E+02
  -0.10668E+01    0.10057E+03   -0.27848E-02    0.50000E+02
  -0.10668E+01    0.10057E+03   -0.27848E-02    0.50000E+02
  -0.10668E+01    0.10057E+03   -0.27848E-02    0.50000E+02
  -0.10715E+01    0.10057E+03   -0.27848E-02    0.50000E+02
  -0.10715E+01    0.10057E+03   -0.27848E-02    0.50000E+02
  -0.10715E+01    0.10057E+03   -0.27848E-02    0.50000E+02
  -0.10715E+01    0.10057E+03   -0.27848E-02    0.50000E+02
  -0.10715E+01    0.10057E+03   -0.27848E-02    0.50000E+02
  -0.10762E+01    0.10057E+03   -0.27848E-02    0.50000E+02
  -0.10762E+01    0.10057E+03   -0.27848E-02    0.50000E+02
  -0.10762E+01    0.10057E+03   -0.27848E-02    0.50000E+02
  -0.10762E+01    0.10057E+03   -0.27848E-02    0.50000E+02
  -0.10762E+01    0.10057E+03   -0.27848E-02    0.50000E+02
  -0.10809E+01    0.10058E+03   -0.27848E-02    0.50000E+02
  -0.10809E+01    0.10058E+03   -0.27848E-02    0.50000E+02
  -0.10809E+01    0.10058E+03   -0.27848E-02    0.50000E+02
  -0.10809E+01    0.10058E+03   -0.27848E-02    0.50000E+02
  -0.10809E+01    0.10058E+03   -0.27848E-02    0.50000E+02
  -0.10856E+01    0.10058E+03   -0.27848E-02    0.50000E+02
  -0.10856E+01    0.10058E+03   -0.27848E-02    0.50000E+02
  -0.10856E+01    0.10058E+03   -0.27848E-02    0.50000E+02
  -0.10856E+01    0.10058E+03   -0.27848E-02    0.50000E+02
  -0.10856E+01    0.10058E+03   -0.27848E-02    0.50000E+02
  -0.10903E+01    0.10058E+03   -0.27848E-02    0.50000E+02
  -0.10903E+01    0.10058E+03   -0.27848E-02    0.50000E+02
  -0.10903E+01    0.10058E+03   -0.27848E-02    0.50000E+02
  -0.10903E+01    0.10058E+03   -0.27848E-02    0.50000E+02
  -0.10903E+01    0.10058E+03   -0.27848E-02    0.50000E+02
  -0.10950E+01    0.10058E+03   -0.27848E-02    0.50000E+02
  -0.10950E+01    0.10058E+03   -0.27848E-02    0.50000E+02
  -0.10950E+01    0.10058E+03   -0.27848E-02    0.50000E+02
  -0.10950E+01    0.10058E+03   -0.27848E-02    0.50000E+02
  -0.10950E+01    0.10058E+03   -0.27848E-02    0.50000E+02
  -0.10997E+01    0.10058E+03   -0.27848E-02    0.50000E+02
  -0.10997E+01    0.10059E+03   -0.27848E-02    0.50000E+02
  -0.10997E+01    0.10059E+03   -0.27848E-02    0.50000E+02
  -0.10997E+01    0.10059E+03   -0.27848E-02    0.50000E+02
  -0.10997E+01    0.10059E+03   -0.27848E-02    0.50000E+02
  -0.11043E+01    0.10059E+03   -0.27848E-02    0.50000E+02
  -0.11043E+01    0.10059E+03   -0.27848E-02    0.50000E+02
  -0.11043E+01    0.10059E+03   -0.27848E-02    0.50000E+02
  -0.11043E+01    0.10059E+03   -0.27848E-02    0.50000E+02
  -0.11043E+01    0.10059E+03   -0.27848E-02    0.50000E+02
  -0.11090E+01    0.10059E+03   -0.27848E-02    0.50000E+02
  -0.11090E+01    0.10059E+03   -0.27848E-02    0.50000E+02
  -0.11090E+01    0.10059E+03   -0.27848E-02    0.50000E+02
  -0.11090E+01    0.10059E+03   -0.27848E-02    0.50000E+02
  -0.11090E+01    0.10059E+03   -0.27848E-02    0.50000E+02
  -0.11137E+01    0.10059E+03   -0.27848E-02    0.50000E+02
  -0.11137E+01    0.10059E+03   -0.27848E-02    0.50000E+02
  -0.11137E+01    0.10059E+03   -0.27848E-02    0.50000E+02
  -0.11137E+01    0.10059E+03   -0.27848E-02    0.50000E+02
  -0.11137E+01    0.10059E+03   -0.27848E-02    0.50000E+02
  -0.11184E+01    0.10059E+03   -0.27848E-02    0.50000E+02
  -0.11184E+01    0.10060E+03   -0.27848E-02    0.50000E+02
  -0.11184E+01    0.10060E+03   -0.27848E-02    0.50000E+02
  -0.11184E+01    0.10060E+03   -0.27848E-02    0.50000E+02
  -0.11184E+01    0.10060E+03   -0.27848E-02    0.50000E+02
  -0.11231E+01    0.10060E+03   -0.27848E-02    0.50000E+02
  -0.11231E+01    0.10060E+03   -0.27848E-02    0.50000E+02
  -0.11231E+01    0.10060E+03   -0.27848E-02    0.50000E+02
  -0.11231E+01    0.10060E+03   -0.27848E-02    0.50000E+02
  -0.11231E+01    0.10060E+03   -0.27848E-02    0.50000E+02
  -0.11278E+01    0.10060E+03   -0.27848E-02    0.50000E+02
  -0.11278E+01    0.10060E+03   -0.27848E-02    0.50000E+02
  -0.11278E+01    0.10060E+03   -0.27848E-02    0.50000E+02
  -0.11278E+01    0.10060E+03   -0.27848E-02    0.50000E+02
  -0.11278E+01    0.10060E+03   -0.27848E-02    0.50000E+02
  -0.11325E+01    0.10060E+03   -0.27848E-02    0.50000E+02
  -0.11325E+01    0.10060E+03   -0.27848E-02    0.50000E+02
  -0.11325E+01    0.10060E+03   -0.27848E-02    0.50000E+02
  -0.11325E+01    0.10060E+03   -0.27848E-02    0.50000E+02
  -0.11325E+01    0.10060E+03   -0.27848E-02    0.50000E+02
  -0.11372E+01    0.10060E+03   -0.27848E-02    0.50000E+02
  -0.11372E+01    0.10060E+03   -0.27848E-02    0.50000E+02
  -0.11372E+01    0.10061E+03   -0.27848E-02    0.50000E+02
  -0.11372E+01    0.10061E+03   -0.27848E-02    0.50000E+02
  -0.11372E+01    0.10061E+03   -0.27848E-02    0.50000E+02
  -0.11419E+01    0.10061E+03   -0.27848E-02    0.50000E+02
  -0.11419E+01    0.10061E+03   -0.27848E-02    0.50000E+02
  -0.11419E+01    0.10061E+03   -0.27848E-02    0.50000E+02
  -0.11419E+01    0.10061E+03   -0.27848E-02    0.50000E+02
  -0.11419E+01    0.10061E+03   -0.27848E-02    0.50000E+02
  -0.11466E+01    0.10061E+03   -0.27848E-02    0.50000E+02
  -0.11466E+01    0.10061E+03   -0.27848E-02    0.50000E+02
  -0.11466E+01    0.10061E+03   -0.27848E-02    0.50000E+02
  -0.11466E+01    0.10061E+03   -0.27848E-02    0.50000E+02
  -0.11466E+01    0.10061E+03   -0.27848E-02    0.50000E+02
  -0.11513E+01    0.10061E+03   -0.27848E-02    0.50000E+02
  -0.11513E+01    0.10061E+03   -0.27848E-02    0.50000E+02
  -0.11513E+01    0.10061E+03   -0.27848E-02    0.50000E+02
  -0.11513E+01    0.10061E+03   -0.27848E-02    0.50000E+02
  -0.11513E+01    0.10061E+03   -0.27848E-02    0.50000E+02
  -0.11560E+01    0.10061E+03   -0.27848E-02    0.50000E+02
  -0.11560E+01    0.10061E+03   -0.27848E-02    0.50000E+02
  -0.11560E+01    0.10062E+03   -0.27848E-02    0.50000E+02
