   0.32958E+02    0.13823E+02    0.23978E+02    0.12565E+01
   0.32958E+02    0.13823E+02    0.23978E+02    0.12565E+01
   0.31458E+02    0.13223E+02    0.22478E+02    0.65654E+00
   0.31458E+02    0.13223E+02    0.22478E+02    0.65654E+00
   0.32536E+02    0.13326E+02    0.23508E+02    0.75928E+00
   0.32536E+02    0.13326E+02    0.23508E+02    0.75928E+00
   0.32146E+02    0.12872E+02    0.23466E+02    0.51831E+00
   0.32146E+02    0.12872E+02    0.23466E+02    0.51831E+00
   0.32200E+02    0.12727E+02    0.23506E+02    0.40925E+00
   0.32200E+02    0.12727E+02    0.23506E+02    0.40925E+00
   0.33023E+02    0.12798E+02    0.24086E+02    0.43902E+00
   0.33023E+02    0.12798E+02    0.24086E+02    0.43902E+00
   0.33604E+02    0.12775E+02    0.24527E+02    0.44861E+00
   0.33604E+02    0.12775E+02    0.24527E+02    0.44861E+00
   0.33883E+02    0.12722E+02    0.24708E+02    0.42831E+00
   0.33883E+02    0.12722E+02    0.24708E+02    0.42831E+00
   0.34107E+02    0.12711E+02    0.24831E+02    0.42008E+00
   0.34107E+02    0.12711E+02    0.24831E+02    0.42008E+00
   0.34283E+02    0.12729E+02    0.24927E+02    0.42500E+00
   0.34283E+02    0.12729E+02    0.24927E+02    0.42500E+00
   0.34342E+02    0.12762E+02    0.24939E+02    0.43637E+00
   0.34342E+02    0.12762E+02    0.24939E+02    0.43637E+00
   0.34288E+02    0.12817E+02    0.24846E+02    0.45623E+00
   0.34288E+02    0.12817E+02    0.24846E+02    0.45623E+00
   0.34139E+02    0.12898E+02    0.24650E+02    0.48832E+00
   0.34139E+02    0.12898E+02    0.24650E+02    0.48832E+00
   0.33899E+02    0.13004E+02    0.24345E+02    0.53256E+00
   0.33899E+02    0.13004E+02    0.24345E+02    0.53256E+00
   0.33568E+02    0.13130E+02    0.23921E+02    0.58743E+00
   0.33568E+02    0.13130E+02    0.23921E+02    0.58743E+00
   0.33160E+02    0.13272E+02    0.23376E+02    0.65300E+00
   0.33160E+02    0.13272E+02    0.23376E+02    0.65300E+00
   0.32688E+02    0.13428E+02    0.22712E+02    0.72938E+00
   0.32688E+02    0.13428E+02    0.22712E+02    0.72938E+00
   0.32170E+02    0.13592E+02    0.21930E+02    0.81604E+00
   0.32170E+02    0.13592E+02    0.21930E+02    0.81604E+00
   0.31623E+02    0.13759E+02    0.21038E+02    0.91195E+00
   0.31623E+02    0.13759E+02    0.21038E+02    0.91195E+00
   0.31071E+02    0.13923E+02    0.20046E+02    0.10154E+01
   0.31071E+02    0.13923E+02    0.20046E+02    0.10154E+01
   0.30537E+02    0.14079E+02    0.18968E+02    0.11234E+01
   0.30537E+02    0.14079E+02    0.18968E+02    0.11234E+01
   0.30051E+02    0.14222E+02    0.17824E+02    0.12329E+01
   0.30051E+02    0.14222E+02    0.17824E+02    0.12329E+01
   0.29638E+02    0.14347E+02    0.16636E+02    0.13396E+01
   0.29638E+02    0.14347E+02    0.16636E+02    0.13396E+01
   0.29322E+02    0.14452E+02    0.15427E+02    0.14389E+01
   0.29322E+02    0.14452E+02    0.15427E+02    0.14389E+01
   0.29127E+02    0.14537E+02    0.14224E+02    0.15277E+01
   0.29127E+02    0.14537E+02    0.14224E+02    0.15277E+01
   0.29064E+02    0.14598E+02    0.13048E+02    0.16013E+01
   0.29064E+02    0.14598E+02    0.13048E+02    0.16013E+01
   0.29146E+02    0.14639E+02    0.11922E+02    0.16584E+01
   0.29146E+02    0.14639E+02    0.11922E+02    0.16584E+01
   0.29372E+02    0.14661E+02    0.10867E+02    0.16972E+01
   0.29372E+02    0.14661E+02    0.10867E+02    0.16972E+01
   0.29736E+02    0.14666E+02    0.98956E+01    0.17170E+01
   0.29736E+02    0.14666E+02    0.98956E+01    0.17170E+01
   0.30230E+02    0.14658E+02    0.90241E+01    0.17196E+01
   0.30230E+02    0.14658E+02    0.90241E+01    0.17196E+01
   0.30834E+02    0.14637E+02    0.82598E+01    0.17051E+01
   0.30834E+02    0.14637E+02    0.82598E+01    0.17051E+01
   0.31532E+02    0.14608E+02    0.76093E+01    0.16763E+01
   0.31532E+02    0.14608E+02    0.76093E+01    0.16763E+01
   0.32301E+02    0.14573E+02    0.70763E+01    0.16350E+01
   0.32301E+02    0.14573E+02    0.70763E+01    0.16350E+01
   0.33118E+02    0.14535E+02    0.66598E+01    0.15830E+01
   0.33118E+02    0.14535E+02    0.66598E+01    0.15830E+01
   0.33963E+02    0.14496E+02    0.63591E+01    0.15234E+01
   0.33963E+02    0.14496E+02    0.63591E+01    0.15234E+01
   0.34818E+02    0.14458E+02    0.61730E+01    0.14591E+01
   0.34818E+02    0.14458E+02    0.61730E+01    0.14591E+01
   0.35660E+02    0.14420E+02    0.60983E+01    0.13903E+01
   0.35660E+02    0.14420E+02    0.60983E+01    0.13903E+01
   0.36463E+02    0.14381E+02    0.61280E+01    0.13172E+01
   0.36463E+02    0.14381E+02    0.61280E+01    0.13172E+01
   0.37219E+02    0.14344E+02    0.62600E+01    0.12430E+01
   0.37219E+02    0.14344E+02    0.62600E+01    0.12430E+01
   0.37919E+02    0.14308E+02    0.64926E+01    0.11699E+01
   0.37919E+02    0.14308E+02    0.64926E+01    0.11699E+01
   0.38548E+02    0.14273E+02    0.68214E+01    0.10989E+01
   0.38548E+02    0.14273E+02    0.68214E+01    0.10989E+01
   0.39097E+02    0.14237E+02    0.72406E+01    0.10311E+01
   0.39097E+02    0.14237E+02    0.72406E+01    0.10311E+01
   0.39557E+02    0.14199E+02    0.77445E+01    0.96755E+00
   0.39557E+02    0.14199E+02    0.77445E+01    0.96755E+00
   0.39924E+02    0.14158E+02    0.83259E+01    0.90867E+00
   0.39924E+02    0.14158E+02    0.83259E+01    0.90867E+00
   0.40193E+02    0.14113E+02    0.89762E+01    0.85499E+00
   0.40193E+02    0.14113E+02    0.89762E+01    0.85499E+00
   0.40363E+02    0.14064E+02    0.96852E+01    0.80678E+00
   0.40363E+02    0.14064E+02    0.96852E+01    0.80678E+00
   0.40434E+02    0.14012E+02    0.10441E+02    0.76426E+00
   0.40434E+02    0.14012E+02    0.10441E+02    0.76426E+00
   0.40420E+02    0.13957E+02    0.11228E+02    0.72689E+00
   0.40420E+02    0.13957E+02    0.11228E+02    0.72689E+00
   0.40343E+02    0.13897E+02    0.12025E+02    0.69342E+00
   0.40343E+02    0.13897E+02    0.12025E+02    0.69342E+00
   0.40227E+02    0.13834E+02    0.12810E+02    0.66420E+00
   0.40227E+02    0.13834E+02    0.12810E+02    0.66420E+00
   0.40079E+02    0.13772E+02    0.13567E+02    0.64002E+00
   0.40079E+02    0.13772E+02    0.13567E+02    0.64002E+00
   0.39899E+02    0.13714E+02    0.14279E+02    0.62134E+00
   0.39899E+02    0.13714E+02    0.14279E+02    0.62134E+00
   0.39686E+02    0.13662E+02    0.14934E+02    0.60932E+00
   0.39686E+02    0.13662E+02    0.14934E+02    0.60932E+00
   0.39436E+02    0.13620E+02    0.15520E+02    0.60417E+00
   0.39436E+02    0.13620E+02    0.15520E+02    0.60417E+00
   0.39141E+02    0.13590E+02    0.16027E+02    0.60608E+00
   0.39141E+02    0.13590E+02    0.16027E+02    0.60608E+00
   0.38801E+02    0.13574E+02    0.16450E+02    0.61605E+00
   0.38801E+02    0.13574E+02    0.16450E+02    0.61605E+00
   0.38411E+02    0.13572E+02    0.16783E+02    0.63402E+00
   0.38411E+02    0.13572E+02    0.16783E+02    0.63402E+00
   0.37965E+02    0.13585E+02    0.17024E+02    0.66037E+00
   0.37965E+02    0.13585E+02    0.17024E+02    0.66037E+00
   0.37463E+02    0.13613E+02    0.17173E+02    0.69579E+00
   0.37463E+02    0.13613E+02    0.17173E+02    0.69579E+00
   0.36899E+02    0.13653E+02    0.17231E+02    0.74106E+00
   0.36899E+02    0.13653E+02    0.17231E+02    0.74106E+00
   0.36279E+02    0.13702E+02    0.17205E+02    0.79457E+00
   0.36279E+02    0.13702E+02    0.17205E+02    0.79457E+00
   0.35613E+02    0.13761E+02    0.17094E+02    0.85436E+00
   0.35613E+02    0.13761E+02    0.17094E+02    0.85436E+00
   0.34918E+02    0.13825E+02    0.16905E+02    0.92104E+00
   0.34918E+02    0.13825E+02    0.16905E+02    0.92104E+00
   0.34212E+02    0.13893E+02    0.16646E+02    0.99353E+00
   0.34212E+02    0.13893E+02    0.16646E+02    0.99353E+00
   0.33512E+02    0.13958E+02    0.16322E+02    0.10694E+01
   0.33512E+02    0.13958E+02    0.16322E+02    0.10694E+01
   0.32838E+02    0.14017E+02    0.15942E+02    0.11462E+01
   0.32838E+02    0.14017E+02    0.15942E+02    0.11462E+01
   0.32212E+02    0.14069E+02    0.15519E+02    0.12218E+01
   0.32212E+02    0.14069E+02    0.15519E+02    0.12218E+01
   0.31651E+02    0.14113E+02    0.15064E+02    0.12931E+01
   0.31651E+02    0.14113E+02    0.15064E+02    0.12931E+01
   0.31173E+02    0.14145E+02    0.14588E+02    0.13575E+01
   0.31173E+02    0.14145E+02    0.14588E+02    0.13575E+01
   0.30792E+02    0.14168E+02    0.14105E+02    0.14129E+01
   0.30792E+02    0.14168E+02    0.14105E+02    0.14129E+01
   0.30517E+02    0.14181E+02    0.13625E+02    0.14569E+01
   0.30517E+02    0.14181E+02    0.13625E+02    0.14569E+01
   0.30354E+02    0.14185E+02    0.13158E+02    0.14890E+01
   0.30354E+02    0.14185E+02    0.13158E+02    0.14890E+01
   0.30304E+02    0.14182E+02    0.12714E+02    0.15085E+01
   0.30304E+02    0.14182E+02    0.12714E+02    0.15085E+01
   0.30362E+02    0.14173E+02    0.12299E+02    0.15154E+01
   0.30362E+02    0.14173E+02    0.12299E+02    0.15154E+01
   0.30523E+02    0.14159E+02    0.11924E+02    0.15110E+01
   0.30523E+02    0.14159E+02    0.11924E+02    0.15110E+01
   0.30776E+02    0.14141E+02    0.11591E+02    0.14958E+01
   0.30776E+02    0.14141E+02    0.11591E+02    0.14958E+01
   0.31109E+02    0.14121E+02    0.11307E+02    0.14718E+01
   0.31109E+02    0.14121E+02    0.11307E+02    0.14718E+01
   0.31510E+02    0.14099E+02    0.11076E+02    0.14403E+01
   0.31510E+02    0.14099E+02    0.11076E+02    0.14403E+01
   0.31962E+02    0.14075E+02    0.10900E+02    0.14025E+01
   0.31962E+02    0.14075E+02    0.10900E+02    0.14025E+01
   0.32453E+02    0.14050E+02    0.10783E+02    0.13604E+01
   0.32453E+02    0.14050E+02    0.10783E+02    0.13604E+01
   0.32968E+02    0.14023E+02    0.10726E+02    0.13147E+01
   0.32968E+02    0.14023E+02    0.10726E+02    0.13147E+01
   0.33492E+02    0.13996E+02    0.10728E+02    0.12670E+01
   0.33492E+02    0.13996E+02    0.10728E+02    0.12670E+01
   0.34013E+02    0.13967E+02    0.10791E+02    0.12184E+01
   0.34013E+02    0.13967E+02    0.10791E+02    0.12184E+01
   0.34519E+02    0.13936E+02    0.10911E+02    0.11695E+01
   0.34519E+02    0.13936E+02    0.10911E+02    0.11695E+01
   0.34999E+02    0.13904E+02    0.11087E+02    0.11216E+01
   0.34999E+02    0.13904E+02    0.11087E+02    0.11216E+01
   0.35444E+02    0.13870E+02    0.11316E+02    0.10753E+01
   0.35444E+02    0.13870E+02    0.11316E+02    0.10753E+01
   0.35845E+02    0.13835E+02    0.11594E+02    0.10310E+01
   0.35845E+02    0.13835E+02    0.11594E+02    0.10310E+01
   0.36195E+02    0.13798E+02    0.11914E+02    0.98955E+00
   0.36195E+02    0.13798E+02    0.11914E+02    0.98955E+00
   0.36491E+02    0.13760E+02    0.12271E+02    0.95137E+00
   0.36491E+02    0.13760E+02    0.12271E+02    0.95137E+00
   0.36727E+02    0.13722E+02    0.12659E+02    0.91661E+00
   0.36727E+02    0.13722E+02    0.12659E+02    0.91661E+00
   0.36903E+02    0.13684E+02    0.13070E+02    0.88600E+00
   0.36903E+02    0.13684E+02    0.13070E+02    0.88600E+00
   0.37016E+02    0.13646E+02    0.13497E+02    0.85941E+00
   0.37016E+02    0.13646E+02    0.13497E+02    0.85941E+00
   0.37067E+02    0.13611E+02    0.13931E+02    0.83719E+00
   0.37067E+02    0.13611E+02    0.13931E+02    0.83719E+00
   0.37058E+02    0.13578E+02    0.14366E+02    0.81964E+00
   0.37058E+02    0.13578E+02    0.14366E+02    0.81964E+00
   0.36990E+02    0.13548E+02    0.14792E+02    0.80648E+00
   0.36990E+02    0.13548E+02    0.14792E+02    0.80648E+00
   0.36867E+02    0.13523E+02    0.15204E+02    0.79824E+00
   0.36867E+02    0.13523E+02    0.15204E+02    0.79824E+00
   0.36692E+02    0.13502E+02    0.15595E+02    0.79458E+00
   0.36692E+02    0.13502E+02    0.15595E+02    0.79458E+00
   0.36469E+02    0.13487E+02    0.15957E+02    0.79556E+00
   0.36469E+02    0.13487E+02    0.15957E+02    0.79556E+00
   0.36204E+02    0.13478E+02    0.16287E+02    0.80128E+00
   0.36204E+02    0.13478E+02    0.16287E+02    0.80128E+00
   0.35901E+02    0.13474E+02    0.16579E+02    0.81126E+00
   0.35901E+02    0.13474E+02    0.16579E+02    0.81126E+00
   0.35566E+02    0.13476E+02    0.16830E+02    0.82566E+00
   0.35566E+02    0.13476E+02    0.16830E+02    0.82566E+00
   0.35206E+02    0.13484E+02    0.17036E+02    0.84400E+00
   0.35206E+02    0.13484E+02    0.17036E+02    0.84400E+00
   0.34825E+02    0.13497E+02    0.17196E+02    0.86594E+00
   0.34825E+02    0.13497E+02    0.17196E+02    0.86594E+00
   0.34433E+02    0.13514E+02    0.17308E+02    0.89122E+00
   0.34433E+02    0.13514E+02    0.17308E+02    0.89122E+00
   0.34035E+02    0.13535E+02    0.17374E+02    0.91912E+00
   0.34035E+02    0.13535E+02    0.17374E+02    0.91912E+00
   0.33640E+02    0.13558E+02    0.17392E+02    0.94920E+00
   0.33640E+02    0.13558E+02    0.17392E+02    0.94920E+00
   0.33254E+02    0.13584E+02    0.17366E+02    0.98074E+00
   0.33254E+02    0.13584E+02    0.17366E+02    0.98074E+00
