   0.26843E+02    0.43171E+02    0.26638E+04    0.71264E+02
   0.26989E+02    0.43125E+02    0.26589E+04    0.69837E+02
   0.26970E+02    0.42870E+02    0.27021E+04    0.68714E+02
   0.26926E+02    0.42880E+02    0.27634E+04    0.68209E+02
   0.26880E+02    0.43321E+02    0.28220E+04    0.68426E+02
   0.26878E+02    0.43715E+02    0.28531E+04    0.69038E+02
   0.26896E+02    0.44003E+02    0.28623E+04    0.69741E+02
   0.26923E+02    0.44056E+02    0.28623E+04    0.70319E+02
   0.26937E+02    0.43999E+02    0.28684E+04    0.70800E+02
   0.26937E+02    0.43896E+02    0.28797E+04    0.71239E+02
   0.26931E+02    0.43848E+02    0.28972E+04    0.71716E+02
   0.26923E+02    0.43812E+02    0.29145E+04    0.72252E+02
   0.26918E+02    0.43825E+02    0.29301E+04    0.72846E+02
   0.26916E+02    0.43804E+02    0.29421E+04    0.73469E+02
   0.26916E+02    0.43776E+02    0.29520E+04    0.74102E+02
   0.26916E+02    0.43716E+02    0.29596E+04    0.74729E+02
   0.26914E+02    0.43663E+02    0.29669E+04    0.75355E+02
   0.26912E+02    0.43589E+02    0.29725E+04    0.75978E+02
   0.26909E+02    0.43538E+02    0.29775E+04    0.76606E+02
   0.26906E+02    0.43463E+02    0.29803E+04    0.77234E+02
   0.26904E+02    0.43411E+02    0.29819E+04    0.77864E+02
   0.26901E+02    0.43330E+02    0.29808E+04    0.78486E+02
   0.26899E+02    0.43268E+02    0.29785E+04    0.79096E+02
   0.26896E+02    0.43176E+02    0.29739E+04    0.79689E+02
   0.26894E+02    0.43106E+02    0.29682E+04    0.80261E+02
   0.26891E+02    0.43008E+02    0.29604E+04    0.80810E+02
   0.26889E+02    0.42936E+02    0.29516E+04    0.81332E+02
   0.26886E+02    0.42834E+02    0.29409E+04    0.81825E+02
   0.26884E+02    0.42761E+02    0.29292E+04    0.82284E+02
   0.26881E+02    0.42659E+02    0.29158E+04    0.82708E+02
   0.26879E+02    0.42587E+02    0.29016E+04    0.83090E+02
   0.26876E+02    0.42485E+02    0.28861E+04    0.83433E+02
   0.26875E+02    0.42416E+02    0.28699E+04    0.83730E+02
   0.26872E+02    0.42318E+02    0.28527E+04    0.83984E+02
   0.26871E+02    0.42241E+02    0.28347E+04    0.84186E+02
   0.26867E+02    0.42145E+02    0.28160E+04    0.84340E+02
   0.26866E+02    0.42055E+02    0.27965E+04    0.84438E+02
   0.26863E+02    0.41962E+02    0.27769E+04    0.84485E+02
   0.26861E+02    0.41869E+02    0.27566E+04    0.84471E+02
   0.26859E+02    0.41783E+02    0.27367E+04    0.84402E+02
   0.26858E+02    0.41694E+02    0.27164E+04    0.84268E+02
   0.26856E+02    0.41619E+02    0.26972E+04    0.84081E+02
   0.26856E+02    0.41538E+02    0.26779E+04    0.83830E+02
   0.26854E+02    0.41478E+02    0.26600E+04    0.83531E+02
   0.26855E+02    0.41411E+02    0.26422E+04    0.83168E+02
   0.26854E+02    0.41370E+02    0.26262E+04    0.82760E+02
   0.26856E+02    0.41319E+02    0.26106E+04    0.82294E+02
   0.26856E+02    0.41299E+02    0.25971E+04    0.81793E+02
   0.26859E+02    0.41270E+02    0.25841E+04    0.81243E+02
   0.26617E+02    0.41091E+02    0.25757E+04    0.80710E+02
   0.26394E+02    0.40864E+02    0.25679E+04    0.80231E+02
   0.26175E+02    0.40665E+02    0.25609E+04    0.79789E+02
   0.25992E+02    0.40476E+02    0.25525E+04    0.79333E+02
   0.25819E+02    0.40318E+02    0.25451E+04    0.78862E+02
   0.25687E+02    0.40177E+02    0.25376E+04    0.78348E+02
   0.25561E+02    0.40075E+02    0.25321E+04    0.77813E+02
   0.25468E+02    0.39989E+02    0.25269E+04    0.77240E+02
   0.25376E+02    0.39941E+02    0.25238E+04    0.76656E+02
   0.25314E+02    0.39908E+02    0.25203E+04    0.76033E+02
   0.25256E+02    0.39913E+02    0.25187E+04    0.75397E+02
   0.25231E+02    0.39938E+02    0.25168E+04    0.74723E+02
   0.25212E+02    0.40001E+02    0.25168E+04    0.74040E+02
   0.25223E+02    0.40088E+02    0.25167E+04    0.73331E+02
   0.25240E+02    0.40211E+02    0.25182E+04    0.72624E+02
   0.25286E+02    0.40357E+02    0.25197E+04    0.71902E+02
   0.25339E+02    0.40536E+02    0.25223E+04    0.71192E+02
   0.25421E+02    0.40739E+02    0.25250E+04    0.70478E+02
   0.25512E+02    0.40972E+02    0.25285E+04    0.69781E+02
   0.25631E+02    0.41227E+02    0.25323E+04    0.69093E+02
   0.25763E+02    0.41511E+02    0.25367E+04    0.68423E+02
   0.25921E+02    0.41817E+02    0.25418E+04    0.67773E+02
   0.26098E+02    0.42148E+02    0.25474E+04    0.67144E+02
   0.26296E+02    0.42503E+02    0.25540E+04    0.66545E+02
   0.26522E+02    0.42880E+02    0.25610E+04    0.65967E+02
   0.26764E+02    0.43280E+02    0.25694E+04    0.65430E+02
   0.26940E+02    0.43644E+02    0.25791E+04    0.64922E+02
   0.26947E+02    0.43834E+02    0.25927E+04    0.64541E+02
   0.26952E+02    0.43991E+02    0.26065E+04    0.64272E+02
   0.26951E+02    0.44137E+02    0.26200E+04    0.64112E+02
   0.26959E+02    0.44255E+02    0.26329E+04    0.64000E+02
   0.26958E+02    0.44353E+02    0.26466E+04    0.63951E+02
   0.26965E+02    0.44427E+02    0.26613E+04    0.63932E+02
   0.26961E+02    0.44486E+02    0.26780E+04    0.63972E+02
   0.26966E+02    0.44534E+02    0.26960E+04    0.64049E+02
   0.26961E+02    0.44569E+02    0.27155E+04    0.64185E+02
   0.26964E+02    0.44600E+02    0.27361E+04    0.64357E+02
   0.26960E+02    0.44612E+02    0.27578E+04    0.64583E+02
   0.26962E+02    0.44626E+02    0.27805E+04    0.64840E+02
   0.26957E+02    0.44620E+02    0.28044E+04    0.65148E+02
   0.26958E+02    0.44619E+02    0.28290E+04    0.65488E+02
   0.26953E+02    0.44600E+02    0.28546E+04    0.65879E+02
   0.26954E+02    0.44588E+02    0.28803E+04    0.66304E+02
   0.26948E+02    0.44560E+02    0.29068E+04    0.66779E+02
   0.26948E+02    0.44539E+02    0.29328E+04    0.67289E+02
   0.26943E+02    0.44501E+02    0.29592E+04    0.67849E+02
   0.26942E+02    0.44470E+02    0.29844E+04    0.68442E+02
   0.28137E+02    0.45698E+02    0.30001E+04    0.71782E+02
   0.28137E+02    0.45698E+02    0.30001E+04    0.71782E+02
   0.28137E+02    0.45698E+02    0.30001E+04    0.71782E+02
   0.28137E+02    0.45698E+02    0.30001E+04    0.71782E+02
   0.28137E+02    0.45698E+02    0.30001E+04    0.71782E+02
   0.28137E+02    0.45698E+02    0.30001E+04    0.71782E+02
   0.28137E+02    0.45698E+02    0.30001E+04    0.71782E+02
   0.28137E+02    0.45698E+02    0.30001E+04    0.71782E+02
   0.28137E+02    0.45698E+02    0.30001E+04    0.71782E+02
   0.28137E+02    0.45698E+02    0.30001E+04    0.71782E+02
   0.28137E+02    0.45698E+02    0.30001E+04    0.71782E+02
   0.28137E+02    0.45698E+02    0.30001E+04    0.71782E+02
   0.28137E+02    0.45698E+02    0.30001E+04    0.71782E+02
   0.28137E+02    0.45698E+02    0.30001E+04    0.71782E+02
   0.28137E+02    0.45698E+02    0.30001E+04    0.71782E+02
   0.28137E+02    0.45698E+02    0.30001E+04    0.71782E+02
   0.28137E+02    0.45698E+02    0.30001E+04    0.71782E+02
   0.28137E+02    0.45698E+02    0.30001E+04    0.71782E+02
   0.28137E+02    0.45698E+02    0.30001E+04    0.71782E+02
   0.28137E+02    0.45698E+02    0.30001E+04    0.71782E+02
   0.28137E+02    0.45698E+02    0.30001E+04    0.71782E+02
   0.28137E+02    0.45698E+02    0.30001E+04    0.71782E+02
   0.28137E+02    0.45698E+02    0.30001E+04    0.71782E+02
   0.28137E+02    0.45698E+02    0.30001E+04    0.71782E+02
   0.28137E+02    0.45698E+02    0.30001E+04    0.71782E+02
   0.28137E+02    0.45698E+02    0.30001E+04    0.71782E+02
   0.28137E+02    0.45698E+02    0.30001E+04    0.71782E+02
   0.28137E+02    0.45698E+02    0.30001E+04    0.71782E+02
   0.28137E+02    0.45698E+02    0.30001E+04    0.71782E+02
   0.28137E+02    0.45698E+02    0.30001E+04    0.71782E+02
   0.28137E+02    0.45698E+02    0.30001E+04    0.71782E+02
   0.28137E+02    0.45698E+02    0.30001E+04    0.71782E+02
   0.28137E+02    0.45698E+02    0.30001E+04    0.71782E+02
   0.28137E+02    0.45698E+02    0.30001E+04    0.71782E+02
   0.28137E+02    0.45698E+02    0.30001E+04    0.71782E+02
   0.28137E+02    0.45698E+02    0.30001E+04    0.71782E+02
   0.28137E+02    0.45698E+02    0.30001E+04    0.71782E+02
   0.28137E+02    0.45698E+02    0.30001E+04    0.71782E+02
   0.28137E+02    0.45698E+02    0.30001E+04    0.71782E+02
   0.28137E+02    0.45698E+02    0.30001E+04    0.71782E+02
   0.28137E+02    0.45698E+02    0.30001E+04    0.71782E+02
   0.28137E+02    0.45698E+02    0.30001E+04    0.71782E+02
   0.28137E+02    0.45698E+02    0.30001E+04    0.71782E+02
   0.28137E+02    0.45698E+02    0.30001E+04    0.71782E+02
   0.28137E+02    0.45698E+02    0.30001E+04    0.71782E+02
   0.28137E+02    0.45698E+02    0.30001E+04    0.71782E+02
   0.28137E+02    0.45698E+02    0.30001E+04    0.71782E+02
   0.28137E+02    0.45698E+02    0.30001E+04    0.71782E+02
   0.28137E+02    0.45698E+02    0.30001E+04    0.71782E+02
   0.28137E+02    0.45698E+02    0.30001E+04    0.71782E+02
   0.28137E+02    0.45698E+02    0.30001E+04    0.71782E+02
   0.28137E+02    0.45698E+02    0.30001E+04    0.71782E+02
   0.28137E+02    0.45698E+02    0.30001E+04    0.71782E+02
   0.28137E+02    0.45698E+02    0.30001E+04    0.71782E+02
   0.28137E+02    0.45698E+02    0.30001E+04    0.71782E+02
   0.28137E+02    0.45698E+02    0.30001E+04    0.71782E+02
   0.28137E+02    0.45698E+02    0.30001E+04    0.71782E+02
   0.28137E+02    0.45698E+02    0.30001E+04    0.71782E+02
   0.28137E+02    0.45698E+02    0.30001E+04    0.71782E+02
   0.28137E+02    0.45698E+02    0.30001E+04    0.71782E+02
   0.28137E+02    0.45698E+02    0.30001E+04    0.71782E+02
   0.28137E+02    0.45698E+02    0.30001E+04    0.71782E+02
   0.28137E+02    0.45698E+02    0.30001E+04    0.71782E+02
   0.28137E+02    0.45698E+02    0.30001E+04    0.71782E+02
   0.28137E+02    0.45698E+02    0.30001E+04    0.71782E+02
   0.28137E+02    0.45698E+02    0.30001E+04    0.71782E+02
   0.28137E+02    0.45698E+02    0.30001E+04    0.71782E+02
   0.28137E+02    0.45698E+02    0.30001E+04    0.71782E+02
   0.28137E+02    0.45698E+02    0.30001E+04    0.71782E+02
   0.28137E+02    0.45698E+02    0.30001E+04    0.71782E+02
   0.28137E+02    0.45698E+02    0.30001E+04    0.71782E+02
   0.28137E+02    0.45698E+02    0.30001E+04    0.71782E+02
   0.28137E+02    0.45698E+02    0.30001E+04    0.71782E+02
   0.28137E+02    0.45698E+02    0.30001E+04    0.71782E+02
   0.28137E+02    0.45698E+02    0.30001E+04    0.71782E+02
   0.28137E+02    0.45698E+02    0.30001E+04    0.71782E+02
   0.28137E+02    0.45698E+02    0.30001E+04    0.71782E+02
   0.28137E+02    0.45698E+02    0.30001E+04    0.71782E+02
   0.28137E+02    0.45698E+02    0.30001E+04    0.71782E+02
   0.28137E+02    0.45698E+02    0.30001E+04    0.71782E+02
   0.28137E+02    0.45698E+02    0.30001E+04    0.71782E+02
   0.28137E+02    0.45698E+02    0.30001E+04    0.71782E+02
   0.28137E+02    0.45698E+02    0.30001E+04    0.71782E+02
   0.28137E+02    0.45698E+02    0.30001E+04    0.71782E+02
   0.28137E+02    0.45698E+02    0.30001E+04    0.71782E+02
   0.28137E+02    0.45698E+02    0.30001E+04    0.71782E+02
   0.28137E+02    0.45698E+02    0.30001E+04    0.71782E+02
   0.28137E+02    0.45698E+02    0.30001E+04    0.71782E+02
   0.28137E+02    0.45698E+02    0.30001E+04    0.71782E+02
   0.28137E+02    0.45698E+02    0.30001E+04    0.71782E+02
   0.28137E+02    0.45698E+02    0.30001E+04    0.71782E+02
   0.28137E+02    0.45698E+02    0.30001E+04    0.71782E+02
   0.28137E+02    0.45698E+02    0.30001E+04    0.71782E+02
   0.28137E+02    0.45698E+02    0.30001E+04    0.71782E+02
   0.28137E+02    0.45698E+02    0.30001E+04    0.71782E+02
   0.28137E+02    0.45698E+02    0.30001E+04    0.71782E+02
   0.28137E+02    0.45698E+02    0.30001E+04    0.71782E+02
   0.28137E+02    0.45698E+02    0.30001E+04    0.71782E+02
   0.28137E+02    0.45698E+02    0.30001E+04    0.71782E+02
   0.28137E+02    0.45698E+02    0.30001E+04    0.71782E+02
   0.28137E+02    0.45698E+02    0.30001E+04    0.71782E+02
   0.28137E+02    0.45698E+02    0.30001E+04    0.71782E+02
   0.28137E+02    0.45698E+02    0.30001E+04    0.71782E+02
   0.28137E+02    0.45698E+02    0.30001E+04    0.71782E+02
   0.28137E+02    0.45698E+02    0.30001E+04    0.71782E+02
   0.28137E+02    0.45698E+02    0.30001E+04    0.71782E+02
   0.28137E+02    0.45698E+02    0.30001E+04    0.71782E+02
   0.28137E+02    0.45698E+02    0.30001E+04    0.71782E+02
   0.28137E+02    0.45698E+02    0.30001E+04    0.71782E+02
   0.28137E+02    0.45698E+02    0.30001E+04    0.71782E+02
   0.28137E+02    0.45698E+02    0.30001E+04    0.71782E+02
   0.28137E+02    0.45698E+02    0.30001E+04    0.71782E+02
   0.28137E+02    0.45698E+02    0.30001E+04    0.71782E+02
   0.28137E+02    0.45698E+02    0.30001E+04    0.71782E+02
   0.28137E+02    0.45698E+02    0.30001E+04    0.71782E+02
   0.28137E+02    0.45698E+02    0.30001E+04    0.71782E+02
   0.28137E+02    0.45698E+02    0.30001E+04    0.71782E+02
   0.28137E+02    0.45698E+02    0.30001E+04    0.71782E+02
   0.28137E+02    0.45698E+02    0.30001E+04    0.71782E+02
   0.28137E+02    0.45698E+02    0.30001E+04    0.71782E+02
   0.28137E+02    0.45698E+02    0.30001E+04    0.71782E+02
   0.28137E+02    0.45698E+02    0.30001E+04    0.71782E+02
   0.28137E+02    0.45698E+02    0.30001E+04    0.71782E+02
   0.28137E+02    0.45698E+02    0.30001E+04    0.71782E+02
   0.28137E+02    0.45698E+02    0.30001E+04    0.71782E+02
   0.28137E+02    0.45698E+02    0.30001E+04    0.71782E+02
   0.28137E+02    0.45698E+02    0.30001E+04    0.71782E+02
   0.28137E+02    0.45698E+02    0.30001E+04    0.71782E+02
   0.28137E+02    0.45698E+02    0.30001E+04    0.71782E+02
   0.28137E+02    0.45698E+02    0.30001E+04    0.71782E+02
   0.28137E+02    0.45698E+02    0.30001E+04    0.71782E+02
   0.28137E+02    0.45698E+02    0.30001E+04    0.71782E+02
   0.28137E+02    0.45698E+02    0.30001E+04    0.71782E+02
   0.28137E+02    0.45698E+02    0.30001E+04    0.71782E+02
   0.28137E+02    0.45698E+02    0.30001E+04    0.71782E+02
   0.28137E+02    0.45698E+02    0.30001E+04    0.71782E+02
   0.28137E+02    0.45698E+02    0.30001E+04    0.71782E+02
   0.28137E+02    0.45698E+02    0.30001E+04    0.71782E+02
   0.28137E+02    0.45698E+02    0.30001E+04    0.71782E+02
   0.28137E+02    0.45698E+02    0.30001E+04    0.71782E+02
   0.28137E+02    0.45698E+02    0.30001E+04    0.71782E+02
   0.28137E+02    0.45698E+02    0.30001E+04    0.71782E+02
   0.28137E+02    0.45698E+02    0.30001E+04    0.71782E+02
   0.28137E+02    0.45698E+02    0.30001E+04    0.71782E+02
   0.28137E+02    0.45698E+02    0.30001E+04    0.71782E+02
   0.28137E+02    0.45698E+02    0.30001E+04    0.71782E+02
   0.28137E+02    0.45698E+02    0.30001E+04    0.71782E+02
   0.28137E+02    0.45698E+02    0.30001E+04    0.71782E+02
   0.28137E+02    0.45698E+02    0.30001E+04    0.71782E+02
   0.28137E+02    0.45698E+02    0.30001E+04    0.71782E+02
   0.28137E+02    0.45698E+02    0.30001E+04    0.71782E+02
   0.28137E+02    0.45698E+02    0.30001E+04    0.71782E+02
   0.28137E+02    0.45698E+02    0.30001E+04    0.71782E+02
   0.28137E+02    0.45698E+02    0.30001E+04    0.71782E+02
   0.28137E+02    0.45698E+02    0.30001E+04    0.71782E+02
   0.28137E+02    0.45698E+02    0.30001E+04    0.71782E+02
   0.28137E+02    0.45698E+02    0.30001E+04    0.71782E+02
   0.28137E+02    0.45698E+02    0.30001E+04    0.71782E+02
   0.28137E+02    0.45698E+02    0.30001E+04    0.71782E+02
   0.28137E+02    0.45698E+02    0.30001E+04    0.71782E+02
   0.28137E+02    0.45698E+02    0.30001E+04    0.71782E+02
   0.28137E+02    0.45698E+02    0.30001E+04    0.71782E+02
   0.28137E+02    0.45698E+02    0.30001E+04    0.71782E+02
   0.28137E+02    0.45698E+02    0.30001E+04    0.71782E+02
   0.28137E+02    0.45698E+02    0.30001E+04    0.71782E+02
   0.28137E+02    0.45698E+02    0.30001E+04    0.71782E+02
   0.28137E+02    0.45698E+02    0.30001E+04    0.71782E+02
   0.28137E+02    0.45698E+02    0.30001E+04    0.71782E+02
   0.28137E+02    0.45698E+02    0.30001E+04    0.71782E+02
   0.28137E+02    0.45698E+02    0.30001E+04    0.71782E+02
   0.28137E+02    0.45698E+02    0.30001E+04    0.71782E+02
   0.28137E+02    0.45698E+02    0.30001E+04    0.71782E+02
   0.28137E+02    0.45698E+02    0.30001E+04    0.71782E+02
   0.28137E+02    0.45698E+02    0.30001E+04    0.71782E+02
   0.28137E+02    0.45698E+02    0.30001E+04    0.71782E+02
   0.28137E+02    0.45698E+02    0.30001E+04    0.71782E+02
   0.28137E+02    0.45698E+02    0.30001E+04    0.71782E+02
   0.28137E+02    0.45698E+02    0.30001E+04    0.71782E+02
   0.28137E+02    0.45698E+02    0.30001E+04    0.71782E+02
   0.28137E+02    0.45698E+02    0.30001E+04    0.71782E+02
   0.28137E+02    0.45698E+02    0.30001E+04    0.71782E+02
   0.28137E+02    0.45698E+02    0.30001E+04    0.71782E+02
   0.28137E+02    0.45698E+02    0.30001E+04    0.71782E+02
   0.28137E+02    0.45698E+02    0.30001E+04    0.71782E+02
   0.28137E+02    0.45698E+02    0.30001E+04    0.71782E+02
   0.28137E+02    0.45698E+02    0.30001E+04    0.71782E+02
   0.28137E+02    0.45698E+02    0.30001E+04    0.71782E+02
   0.28137E+02    0.45698E+02    0.30001E+04    0.71782E+02
   0.28137E+02    0.45698E+02    0.30001E+04    0.71782E+02
   0.28137E+02    0.45698E+02    0.30001E+04    0.71782E+02
   0.28137E+02    0.45698E+02    0.30001E+04    0.71782E+02
   0.28137E+02    0.45698E+02    0.30001E+04    0.71782E+02
   0.28137E+02    0.45698E+02    0.30001E+04    0.71782E+02
   0.28137E+02    0.45698E+02    0.30001E+04    0.71782E+02
   0.28137E+02    0.45698E+02    0.30001E+04    0.71782E+02
   0.28137E+02    0.45698E+02    0.30001E+04    0.71782E+02
   0.28137E+02    0.45698E+02    0.30001E+04    0.71782E+02
   0.28137E+02    0.45698E+02    0.30001E+04    0.71782E+02
   0.28137E+02    0.45698E+02    0.30001E+04    0.71782E+02
   0.28137E+02    0.45698E+02    0.30001E+04    0.71782E+02
   0.28137E+02    0.45698E+02    0.30001E+04    0.71782E+02
   0.28137E+02    0.45698E+02    0.30001E+04    0.71782E+02
   0.28137E+02    0.45698E+02    0.30001E+04    0.71782E+02
   0.28137E+02    0.45698E+02    0.30001E+04    0.71782E+02
   0.28137E+02    0.45698E+02    0.30001E+04    0.71782E+02
   0.28137E+02    0.45698E+02    0.30001E+04    0.71782E+02
   0.28137E+02    0.45698E+02    0.30001E+04    0.71782E+02
   0.28137E+02    0.45698E+02    0.30001E+04    0.71782E+02
   0.28137E+02    0.45698E+02    0.30001E+04    0.71782E+02
   0.28137E+02    0.45698E+02    0.30001E+04    0.71782E+02
   0.28137E+02    0.45698E+02    0.30001E+04    0.71782E+02
   0.28137E+02    0.45698E+02    0.30001E+04    0.71782E+02
   0.28137E+02    0.45698E+02    0.30001E+04    0.71782E+02
   0.28137E+02    0.45698E+02    0.30001E+04    0.71782E+02
   0.28137E+02    0.45698E+02    0.30001E+04    0.71782E+02
   0.28137E+02    0.45698E+02    0.30001E+04    0.71782E+02
   0.28137E+02    0.45698E+02    0.30001E+04    0.71782E+02
   0.28137E+02    0.45698E+02    0.30001E+04    0.71782E+02
   0.28137E+02    0.45698E+02    0.30001E+04    0.71782E+02
   0.28137E+02    0.45698E+02    0.30001E+04    0.71782E+02
   0.28137E+02    0.45698E+02    0.30001E+04    0.71782E+02
   0.28137E+02    0.45698E+02    0.30001E+04    0.71782E+02
   0.28137E+02    0.45698E+02    0.30001E+04    0.71782E+02
   0.28137E+02    0.45698E+02    0.30001E+04    0.71782E+02
   0.28137E+02    0.45698E+02    0.30001E+04    0.71782E+02
   0.28137E+02    0.45698E+02    0.30001E+04    0.71782E+02
   0.28137E+02    0.45698E+02    0.30001E+04    0.71782E+02
   0.28137E+02    0.45698E+02    0.30001E+04    0.71782E+02
   0.28137E+02    0.45698E+02    0.30001E+04    0.71782E+02
   0.28137E+02    0.45698E+02    0.30001E+04    0.71782E+02
   0.28137E+02    0.45698E+02    0.30001E+04    0.71782E+02
   0.28137E+02    0.45698E+02    0.30001E+04    0.71782E+02
   0.28137E+02    0.45698E+02    0.30001E+04    0.71782E+02
   0.28137E+02    0.45698E+02    0.30001E+04    0.71782E+02
   0.28137E+02    0.45698E+02    0.30001E+04    0.71782E+02
   0.28137E+02    0.45698E+02    0.30001E+04    0.71782E+02
   0.28137E+02    0.45698E+02    0.30001E+04    0.71782E+02
   0.28137E+02    0.45698E+02    0.30001E+04    0.71782E+02
   0.28137E+02    0.45698E+02    0.30001E+04    0.71782E+02
   0.28137E+02    0.45698E+02    0.30001E+04    0.71782E+02
   0.28137E+02    0.45698E+02    0.30001E+04    0.71782E+02
   0.28137E+02    0.45698E+02    0.30001E+04    0.71782E+02
   0.28137E+02    0.45698E+02    0.30001E+04    0.71782E+02
   0.28137E+02    0.45698E+02    0.30001E+04    0.71782E+02
   0.28137E+02    0.45698E+02    0.30001E+04    0.71782E+02
   0.28137E+02    0.45698E+02    0.30001E+04    0.71782E+02
   0.28137E+02    0.45698E+02    0.30001E+04    0.71782E+02
   0.28137E+02    0.45698E+02    0.30001E+04    0.71782E+02
   0.28137E+02    0.45698E+02    0.30001E+04    0.71782E+02
   0.28137E+02    0.45698E+02    0.30001E+04    0.71782E+02
   0.28137E+02    0.45698E+02    0.30001E+04    0.71782E+02
   0.28137E+02    0.45698E+02    0.30001E+04    0.71782E+02
   0.28137E+02    0.45698E+02    0.30001E+04    0.71782E+02
   0.28137E+02    0.45698E+02    0.30001E+04    0.71782E+02
   0.28137E+02    0.45698E+02    0.30001E+04    0.71782E+02
   0.28137E+02    0.45698E+02    0.30001E+04    0.71782E+02
   0.28137E+02    0.45698E+02    0.30001E+04    0.71782E+02
   0.28137E+02    0.45698E+02    0.30001E+04    0.71782E+02
   0.28137E+02    0.45698E+02    0.30001E+04    0.71782E+02
   0.28137E+02    0.45698E+02    0.30001E+04    0.71782E+02
   0.28137E+02    0.45698E+02    0.30001E+04    0.71782E+02
   0.28137E+02    0.45698E+02    0.30001E+04    0.71782E+02
   0.28137E+02    0.45698E+02    0.30001E+04    0.71782E+02
   0.28137E+02    0.45698E+02    0.30001E+04    0.71782E+02
   0.28137E+02    0.45698E+02    0.30001E+04    0.71782E+02
   0.28137E+02    0.45698E+02    0.30001E+04    0.71782E+02
   0.28137E+02    0.45698E+02    0.30001E+04    0.71782E+02
   0.28137E+02    0.45698E+02    0.30001E+04    0.71782E+02
   0.28137E+02    0.45698E+02    0.30001E+04    0.71782E+02
   0.28137E+02    0.45698E+02    0.30001E+04    0.71782E+02
   0.28137E+02    0.45698E+02    0.30001E+04    0.71782E+02
   0.28137E+02    0.45698E+02    0.30001E+04    0.71782E+02
   0.28137E+02    0.45698E+02    0.30001E+04    0.71782E+02
   0.28137E+02    0.45698E+02    0.30001E+04    0.71782E+02
   0.28137E+02    0.45698E+02    0.30001E+04    0.71782E+02
   0.28137E+02    0.45698E+02    0.30001E+04    0.71782E+02
   0.28137E+02    0.45698E+02    0.30001E+04    0.71782E+02
   0.28137E+02    0.45698E+02    0.30001E+04    0.71782E+02
   0.28137E+02    0.45698E+02    0.30001E+04    0.71782E+02
   0.28137E+02    0.45698E+02    0.30001E+04    0.71782E+02
   0.28137E+02    0.45698E+02    0.30001E+04    0.71782E+02
   0.28137E+02    0.45698E+02    0.30001E+04    0.71782E+02
   0.28137E+02    0.45698E+02    0.30001E+04    0.71782E+02
   0.28137E+02    0.45698E+02    0.30001E+04    0.71782E+02
   0.28137E+02    0.45698E+02    0.30001E+04    0.71782E+02
   0.28137E+02    0.45698E+02    0.30001E+04    0.71782E+02
   0.28137E+02    0.45698E+02    0.30001E+04    0.71782E+02
   0.28137E+02    0.45698E+02    0.30001E+04    0.71782E+02
   0.28137E+02    0.45698E+02    0.30001E+04    0.71782E+02
   0.28137E+02    0.45698E+02    0.30001E+04    0.71782E+02
   0.28137E+02    0.45698E+02    0.30001E+04    0.71782E+02
   0.28137E+02    0.45698E+02    0.30001E+04    0.71782E+02
   0.28137E+02    0.45698E+02    0.30001E+04    0.71782E+02
   0.28137E+02    0.45698E+02    0.30001E+04    0.71782E+02
   0.28137E+02    0.45698E+02    0.30001E+04    0.71782E+02
   0.28137E+02    0.45698E+02    0.30001E+04    0.71782E+02
   0.28137E+02    0.45698E+02    0.30001E+04    0.71782E+02
   0.28137E+02    0.45698E+02    0.30001E+04    0.71782E+02
   0.28137E+02    0.45698E+02    0.30001E+04    0.71782E+02
   0.28137E+02    0.45698E+02    0.30001E+04    0.71782E+02
   0.28137E+02    0.45698E+02    0.30001E+04    0.71782E+02
   0.28137E+02    0.45698E+02    0.30001E+04    0.71782E+02
   0.28137E+02    0.45698E+02    0.30001E+04    0.71782E+02
   0.28137E+02    0.45698E+02    0.30001E+04    0.71782E+02
   0.28137E+02    0.45698E+02    0.30001E+04    0.71782E+02
   0.28137E+02    0.45698E+02    0.30001E+04    0.71782E+02
   0.28137E+02    0.45698E+02    0.30001E+04    0.71782E+02
   0.28137E+02    0.45698E+02    0.30001E+04    0.71782E+02
   0.28137E+02    0.45698E+02    0.30001E+04    0.71782E+02
   0.28137E+02    0.45698E+02    0.30001E+04    0.71782E+02
   0.28137E+02    0.45698E+02    0.30001E+04    0.71782E+02
   0.28137E+02    0.45698E+02    0.30001E+04    0.71782E+02
   0.28137E+02    0.45698E+02    0.30001E+04    0.71782E+02
   0.28137E+02    0.45698E+02    0.30001E+04    0.71782E+02
   0.28137E+02    0.45698E+02    0.30001E+04    0.71782E+02
   0.28137E+02    0.45698E+02    0.30001E+04    0.71782E+02
   0.28137E+02    0.45698E+02    0.30001E+04    0.71782E+02
   0.28137E+02    0.45698E+02    0.30001E+04    0.71782E+02
   0.28137E+02    0.45698E+02    0.30001E+04    0.71782E+02
   0.28137E+02    0.45698E+02    0.30001E+04    0.71782E+02
   0.28137E+02    0.45698E+02    0.30001E+04    0.71782E+02
   0.28137E+02    0.45698E+02    0.30001E+04    0.71782E+02
   0.28137E+02    0.45698E+02    0.30001E+04    0.71782E+02
   0.28137E+02    0.45698E+02    0.30001E+04    0.71782E+02
   0.28137E+02    0.45698E+02    0.30001E+04    0.71782E+02
   0.28137E+02    0.45698E+02    0.30001E+04    0.71782E+02
   0.28137E+02    0.45698E+02    0.30001E+04    0.71782E+02
   0.28137E+02    0.45698E+02    0.30001E+04    0.71782E+02
   0.28137E+02    0.45698E+02    0.30001E+04    0.71782E+02
   0.28137E+02    0.45698E+02    0.30001E+04    0.71782E+02
   0.28137E+02    0.45698E+02    0.30001E+04    0.71782E+02
   0.28137E+02    0.45698E+02    0.30001E+04    0.71782E+02
   0.28137E+02    0.45698E+02    0.30001E+04    0.71782E+02
   0.28137E+02    0.45698E+02    0.30001E+04    0.71782E+02
   0.28137E+02    0.45698E+02    0.30001E+04    0.71782E+02
   0.28137E+02    0.45698E+02    0.30001E+04    0.71782E+02
   0.28137E+02    0.45698E+02    0.30001E+04    0.71782E+02
   0.28137E+02    0.45698E+02    0.30001E+04    0.71782E+02
   0.28137E+02    0.45698E+02    0.30001E+04    0.71782E+02
   0.28137E+02    0.45698E+02    0.30001E+04    0.71782E+02
   0.28137E+02    0.45698E+02    0.30001E+04    0.71782E+02
   0.28137E+02    0.45698E+02    0.30001E+04    0.71782E+02
   0.28137E+02    0.45698E+02    0.30001E+04    0.71782E+02
   0.28137E+02    0.45698E+02    0.30001E+04    0.71782E+02
   0.28137E+02    0.45698E+02    0.30001E+04    0.71782E+02
   0.28137E+02    0.45698E+02    0.30001E+04    0.71782E+02
   0.28137E+02    0.45698E+02    0.30001E+04    0.71782E+02
   0.28137E+02    0.45698E+02    0.30001E+04    0.71782E+02
   0.28137E+02    0.45698E+02    0.30001E+04    0.71782E+02
   0.28137E+02    0.45698E+02    0.30001E+04    0.71782E+02
   0.28137E+02    0.45698E+02    0.30001E+04    0.71782E+02
   0.28137E+02    0.45698E+02    0.30001E+04    0.71782E+02
   0.28137E+02    0.45698E+02    0.30001E+04    0.71782E+02
   0.28137E+02    0.45698E+02    0.30001E+04    0.71782E+02
   0.28137E+02    0.45698E+02    0.30001E+04    0.71782E+02
   0.28137E+02    0.45698E+02    0.30001E+04    0.71782E+02
   0.28137E+02    0.45698E+02    0.30001E+04    0.71782E+02
   0.28137E+02    0.45698E+02    0.30001E+04    0.71782E+02
   0.28137E+02    0.45698E+02    0.30001E+04    0.71782E+02
   0.28137E+02    0.45698E+02    0.30001E+04    0.71782E+02
   0.28137E+02    0.45698E+02    0.30001E+04    0.71782E+02
   0.28137E+02    0.45698E+02    0.30001E+04    0.71782E+02
   0.28137E+02    0.45698E+02    0.30001E+04    0.71782E+02
   0.28137E+02    0.45698E+02    0.30001E+04    0.71782E+02
   0.28137E+02    0.45698E+02    0.30001E+04    0.71782E+02
   0.28137E+02    0.45698E+02    0.30001E+04    0.71782E+02
   0.28137E+02    0.45698E+02    0.30001E+04    0.71782E+02
   0.28137E+02    0.45698E+02    0.30001E+04    0.71782E+02
   0.28137E+02    0.45698E+02    0.30001E+04    0.71782E+02
   0.28137E+02    0.45698E+02    0.30001E+04    0.71782E+02
   0.28137E+02    0.45698E+02    0.30001E+04    0.71782E+02
   0.28137E+02    0.45698E+02    0.30001E+04    0.71782E+02
   0.28137E+02    0.45698E+02    0.30001E+04    0.71782E+02
   0.28137E+02    0.45698E+02    0.30001E+04    0.71782E+02
   0.28137E+02    0.45698E+02    0.30001E+04    0.71782E+02
   0.28137E+02    0.45698E+02    0.30001E+04    0.71782E+02
   0.28137E+02    0.45698E+02    0.30001E+04    0.71782E+02
   0.28137E+02    0.45698E+02    0.30001E+04    0.71782E+02
   0.28137E+02    0.45698E+02    0.30001E+04    0.71782E+02
   0.28137E+02    0.45698E+02    0.30001E+04    0.71782E+02
   0.28137E+02    0.45698E+02    0.30001E+04    0.71782E+02
   0.28137E+02    0.45698E+02    0.30001E+04    0.71782E+02
   0.28137E+02    0.45698E+02    0.30001E+04    0.71782E+02
   0.28137E+02    0.45698E+02    0.30001E+04    0.71782E+02
   0.28137E+02    0.45698E+02    0.30001E+04    0.71782E+02
   0.28137E+02    0.45698E+02    0.30001E+04    0.71782E+02
   0.28137E+02    0.45698E+02    0.30001E+04    0.71782E+02
   0.28137E+02    0.45698E+02    0.30001E+04    0.71782E+02
   0.28137E+02    0.45698E+02    0.30001E+04    0.71782E+02
   0.28137E+02    0.45698E+02    0.30001E+04    0.71782E+02
   0.28137E+02    0.45698E+02    0.30001E+04    0.71782E+02
   0.28137E+02    0.45698E+02    0.30001E+04    0.71782E+02
   0.28137E+02    0.45698E+02    0.30001E+04    0.71782E+02
   0.28137E+02    0.45698E+02    0.30001E+04    0.71782E+02
   0.28137E+02    0.45698E+02    0.30001E+04    0.71782E+02
   0.28137E+02    0.45698E+02    0.30001E+04    0.71782E+02
   0.28137E+02    0.45698E+02    0.30001E+04    0.71782E+02
   0.28137E+02    0.45698E+02    0.30001E+04    0.71782E+02
   0.28137E+02    0.45698E+02    0.30001E+04    0.71782E+02
   0.28137E+02    0.45698E+02    0.30001E+04    0.71782E+02
   0.28137E+02    0.45698E+02    0.30001E+04    0.71782E+02
   0.28137E+02    0.45698E+02    0.30001E+04    0.71782E+02
   0.28137E+02    0.45698E+02    0.30001E+04    0.71782E+02
   0.28137E+02    0.45698E+02    0.30001E+04    0.71782E+02
   0.28137E+02    0.45698E+02    0.30001E+04    0.71782E+02
   0.28137E+02    0.45698E+02    0.30001E+04    0.71782E+02
   0.28137E+02    0.45698E+02    0.30001E+04    0.71782E+02
   0.28137E+02    0.45698E+02    0.30001E+04    0.71782E+02
   0.28137E+02    0.45698E+02    0.30001E+04    0.71782E+02
   0.28137E+02    0.45698E+02    0.30001E+04    0.71782E+02
   0.28137E+02    0.45698E+02    0.30001E+04    0.71782E+02
   0.28137E+02    0.45698E+02    0.30001E+04    0.71782E+02
   0.28137E+02    0.45698E+02    0.30001E+04    0.71782E+02
   0.28137E+02    0.45698E+02    0.30001E+04    0.71782E+02
   0.28137E+02    0.45698E+02    0.30001E+04    0.71782E+02
   0.28137E+02    0.45698E+02    0.30001E+04    0.71782E+02
   0.28137E+02    0.45698E+02    0.30001E+04    0.71782E+02
   0.28137E+02    0.45698E+02    0.30001E+04    0.71782E+02
   0.28137E+02    0.45698E+02    0.30001E+04    0.71782E+02
   0.28137E+02    0.45698E+02    0.30001E+04    0.71782E+02
   0.28137E+02    0.45698E+02    0.30001E+04    0.71782E+02
   0.28137E+02    0.45698E+02    0.30001E+04    0.71782E+02
   0.28137E+02    0.45698E+02    0.30001E+04    0.71782E+02
   0.28137E+02    0.45698E+02    0.30001E+04    0.71782E+02
   0.28137E+02    0.45698E+02    0.30001E+04    0.71782E+02
   0.28137E+02    0.45698E+02    0.30001E+04    0.71782E+02
   0.28137E+02    0.45698E+02    0.30001E+04    0.71782E+02
   0.28137E+02    0.45698E+02    0.30001E+04    0.71782E+02
   0.28137E+02    0.45698E+02    0.30001E+04    0.71782E+02
   0.28137E+02    0.45698E+02    0.30001E+04    0.71782E+02
   0.28137E+02    0.45698E+02    0.30001E+04    0.71782E+02
   0.28137E+02    0.45698E+02    0.30001E+04    0.71782E+02
   0.28137E+02    0.45698E+02    0.30001E+04    0.71782E+02
   0.28137E+02    0.45698E+02    0.30001E+04    0.71782E+02
   0.28137E+02    0.45698E+02    0.30001E+04    0.71782E+02
   0.28137E+02    0.45698E+02    0.30001E+04    0.71782E+02
   0.28137E+02    0.45698E+02    0.30001E+04    0.71782E+02
   0.28137E+02    0.45698E+02    0.30001E+04    0.71782E+02
   0.28137E+02    0.45698E+02    0.30001E+04    0.71782E+02
   0.28137E+02    0.45698E+02    0.30001E+04    0.71782E+02
   0.28137E+02    0.45698E+02    0.30001E+04    0.71782E+02
   0.28137E+02    0.45698E+02    0.30001E+04    0.71782E+02
   0.28137E+02    0.45698E+02    0.30001E+04    0.71782E+02
   0.28137E+02    0.45698E+02    0.30001E+04    0.71782E+02
   0.28137E+02    0.45698E+02    0.30001E+04    0.71782E+02
   0.28137E+02    0.45698E+02    0.30001E+04    0.71782E+02
   0.28137E+02    0.45698E+02    0.30001E+04    0.71782E+02
   0.28137E+02    0.45698E+02    0.30001E+04    0.71782E+02
   0.28137E+02    0.45698E+02    0.30001E+04    0.71782E+02
   0.28137E+02    0.45698E+02    0.30001E+04    0.71782E+02
   0.28137E+02    0.45698E+02    0.30001E+04    0.71782E+02
   0.28137E+02    0.45698E+02    0.30001E+04    0.71782E+02
   0.28137E+02    0.45698E+02    0.30001E+04    0.71782E+02
   0.28137E+02    0.45698E+02    0.30001E+04    0.71782E+02
   0.28137E+02    0.45698E+02    0.30001E+04    0.71782E+02
   0.28137E+02    0.45698E+02    0.30001E+04    0.71782E+02
   0.28137E+02    0.45698E+02    0.30001E+04    0.71782E+02
   0.28137E+02    0.45698E+02    0.30001E+04    0.71782E+02
   0.28137E+02    0.45698E+02    0.30001E+04    0.71782E+02
   0.28137E+02    0.45698E+02    0.30001E+04    0.71782E+02
   0.28137E+02    0.45698E+02    0.30001E+04    0.71782E+02
   0.28137E+02    0.45698E+02    0.30001E+04    0.71782E+02
   0.28137E+02    0.45698E+02    0.30001E+04    0.71782E+02
   0.28137E+02    0.45698E+02    0.30001E+04    0.71782E+02
   0.28137E+02    0.45698E+02    0.30001E+04    0.71782E+02
   0.28137E+02    0.45698E+02    0.30001E+04    0.71782E+02
   0.28137E+02    0.45698E+02    0.30001E+04    0.71782E+02
   0.28137E+02    0.45698E+02    0.30001E+04    0.71782E+02
   0.28137E+02    0.45698E+02    0.30001E+04    0.71782E+02
   0.28137E+02    0.45698E+02    0.30001E+04    0.71782E+02
   0.28137E+02    0.45698E+02    0.30001E+04    0.71782E+02
   0.28137E+02    0.45698E+02    0.30001E+04    0.71782E+02
   0.28137E+02    0.45698E+02    0.30001E+04    0.71782E+02
   0.28137E+02    0.45698E+02    0.30001E+04    0.71782E+02
   0.28137E+02    0.45698E+02    0.30001E+04    0.71782E+02
   0.28137E+02    0.45698E+02    0.30001E+04    0.71782E+02
   0.28137E+02    0.45698E+02    0.30001E+04    0.71782E+02
   0.28137E+02    0.45698E+02    0.30001E+04    0.71782E+02
   0.28137E+02    0.45698E+02    0.30001E+04    0.71782E+02
   0.28137E+02    0.45698E+02    0.30001E+04    0.71782E+02
   0.28137E+02    0.45698E+02    0.30001E+04    0.71782E+02
   0.28137E+02    0.45698E+02    0.30001E+04    0.71782E+02
   0.28137E+02    0.45698E+02    0.30001E+04    0.71782E+02
   0.28137E+02    0.45698E+02    0.30001E+04    0.71782E+02
   0.28137E+02    0.45698E+02    0.30001E+04    0.71782E+02
   0.28137E+02    0.45698E+02    0.30001E+04    0.71782E+02
   0.28137E+02    0.45698E+02    0.30001E+04    0.71782E+02
   0.28137E+02    0.45698E+02    0.30001E+04    0.71782E+02
   0.28137E+02    0.45698E+02    0.30001E+04    0.71782E+02
   0.28137E+02    0.45698E+02    0.30001E+04    0.71782E+02
   0.28137E+02    0.45698E+02    0.30001E+04    0.71782E+02
   0.28137E+02    0.45698E+02    0.30001E+04    0.71782E+02
   0.28137E+02    0.45698E+02    0.30001E+04    0.71782E+02
   0.28137E+02    0.45698E+02    0.30001E+04    0.71782E+02
   0.28137E+02    0.45698E+02    0.30001E+04    0.71782E+02
   0.28137E+02    0.45698E+02    0.30001E+04    0.71782E+02
   0.28137E+02    0.45698E+02    0.30001E+04    0.71782E+02
   0.28137E+02    0.45698E+02    0.30001E+04    0.71782E+02
   0.28137E+02    0.45698E+02    0.30001E+04    0.71782E+02
   0.28137E+02    0.45698E+02    0.30001E+04    0.71782E+02
   0.28137E+02    0.45698E+02    0.30001E+04    0.71782E+02
   0.28137E+02    0.45698E+02    0.30001E+04    0.71782E+02
   0.28137E+02    0.45698E+02    0.30001E+04    0.71782E+02
   0.28137E+02    0.45698E+02    0.30001E+04    0.71782E+02
   0.28137E+02    0.45698E+02    0.30001E+04    0.71782E+02
   0.28137E+02    0.45698E+02    0.30001E+04    0.71782E+02
   0.28137E+02    0.45698E+02    0.30001E+04    0.71782E+02
   0.28137E+02    0.45698E+02    0.30001E+04    0.71782E+02
   0.28137E+02    0.45698E+02    0.30001E+04    0.71782E+02
   0.28137E+02    0.45698E+02    0.30001E+04    0.71782E+02
   0.28137E+02    0.45698E+02    0.30001E+04    0.71782E+02
   0.28137E+02    0.45698E+02    0.30001E+04    0.71782E+02
   0.28137E+02    0.45698E+02    0.30001E+04    0.71782E+02
   0.28137E+02    0.45698E+02    0.30001E+04    0.71782E+02
   0.28137E+02    0.45698E+02    0.30001E+04    0.71782E+02
   0.28137E+02    0.45698E+02    0.30001E+04    0.71782E+02
   0.28137E+02    0.45698E+02    0.30001E+04    0.71782E+02
   0.28137E+02    0.45698E+02    0.30001E+04    0.71782E+02
   0.28137E+02    0.45698E+02    0.30001E+04    0.71782E+02
   0.28137E+02    0.45698E+02    0.30001E+04    0.71782E+02
   0.28137E+02    0.45698E+02    0.30001E+04    0.71782E+02
   0.28137E+02    0.45698E+02    0.30001E+04    0.71782E+02
   0.28137E+02    0.45698E+02    0.30001E+04    0.71782E+02
   0.28137E+02    0.45698E+02    0.30001E+04    0.71782E+02
   0.28137E+02    0.45698E+02    0.30001E+04    0.71782E+02
   0.28137E+02    0.45698E+02    0.30001E+04    0.71782E+02
   0.28137E+02    0.45698E+02    0.30001E+04    0.71782E+02
   0.28137E+02    0.45698E+02    0.30001E+04    0.71782E+02
   0.28137E+02    0.45698E+02    0.30001E+04    0.71782E+02
   0.28137E+02    0.45698E+02    0.30001E+04    0.71782E+02
   0.28137E+02    0.45698E+02    0.30001E+04    0.71782E+02
   0.28137E+02    0.45698E+02    0.30001E+04    0.71782E+02
   0.28137E+02    0.45698E+02    0.30001E+04    0.71782E+02
   0.28137E+02    0.45698E+02    0.30001E+04    0.71782E+02
   0.28137E+02    0.45698E+02    0.30001E+04    0.71782E+02
   0.28137E+02    0.45698E+02    0.30001E+04    0.71782E+02
   0.28137E+02    0.45698E+02    0.30001E+04    0.71782E+02
   0.28137E+02    0.45698E+02    0.30001E+04    0.71782E+02
   0.28137E+02    0.45698E+02    0.30001E+04    0.71782E+02
   0.28137E+02    0.45698E+02    0.30001E+04    0.71782E+02
   0.28137E+02    0.45698E+02    0.30001E+04    0.71782E+02
   0.28137E+02    0.45698E+02    0.30001E+04    0.71782E+02
   0.28137E+02    0.45698E+02    0.30001E+04    0.71782E+02
   0.28137E+02    0.45698E+02    0.30001E+04    0.71782E+02
   0.28137E+02    0.45698E+02    0.30001E+04    0.71782E+02
   0.28137E+02    0.45698E+02    0.30001E+04    0.71782E+02
   0.28137E+02    0.45698E+02    0.30001E+04    0.71782E+02
   0.28137E+02    0.45698E+02    0.30001E+04    0.71782E+02
   0.28137E+02    0.45698E+02    0.30001E+04    0.71782E+02
   0.28137E+02    0.45698E+02    0.30001E+04    0.71782E+02
   0.28137E+02    0.45698E+02    0.30001E+04    0.71782E+02
   0.28137E+02    0.45698E+02    0.30001E+04    0.71782E+02
   0.28137E+02    0.45698E+02    0.30001E+04    0.71782E+02
   0.28137E+02    0.45698E+02    0.30001E+04    0.71782E+02
   0.28137E+02    0.45698E+02    0.30001E+04    0.71782E+02
   0.28137E+02    0.45698E+02    0.30001E+04    0.71782E+02
   0.28137E+02    0.45698E+02    0.30001E+04    0.71782E+02
   0.28137E+02    0.45698E+02    0.30001E+04    0.71782E+02
   0.28137E+02    0.45698E+02    0.30001E+04    0.71782E+02
   0.28137E+02    0.45698E+02    0.30001E+04    0.71782E+02
   0.28137E+02    0.45698E+02    0.30001E+04    0.71782E+02
   0.28137E+02    0.45698E+02    0.30001E+04    0.71782E+02
   0.28137E+02    0.45698E+02    0.30001E+04    0.71782E+02
   0.28137E+02    0.45698E+02    0.30001E+04    0.71782E+02
   0.28137E+02    0.45698E+02    0.30001E+04    0.71782E+02
   0.28137E+02    0.45698E+02    0.30001E+04    0.71782E+02
   0.28137E+02    0.45698E+02    0.30001E+04    0.71782E+02
   0.28137E+02    0.45698E+02    0.30001E+04    0.71782E+02
   0.28137E+02    0.45698E+02    0.30001E+04    0.71782E+02
   0.28137E+02    0.45698E+02    0.30001E+04    0.71782E+02
   0.28137E+02    0.45698E+02    0.30001E+04    0.71782E+02
   0.28137E+02    0.45698E+02    0.30001E+04    0.71782E+02
   0.28137E+02    0.45698E+02    0.30001E+04    0.71782E+02
   0.28137E+02    0.45698E+02    0.30001E+04    0.71782E+02
   0.28137E+02    0.45698E+02    0.30001E+04    0.71782E+02
   0.28137E+02    0.45698E+02    0.30001E+04    0.71782E+02
   0.28137E+02    0.45698E+02    0.30001E+04    0.71782E+02
   0.28137E+02    0.45698E+02    0.30001E+04    0.71782E+02
   0.28137E+02    0.45698E+02    0.30001E+04    0.71782E+02
   0.28137E+02    0.45698E+02    0.30001E+04    0.71782E+02
   0.28137E+02    0.45698E+02    0.30001E+04    0.71782E+02
   0.28137E+02    0.45698E+02    0.30001E+04    0.71782E+02
   0.28137E+02    0.45698E+02    0.30001E+04    0.71782E+02
   0.28137E+02    0.45698E+02    0.30001E+04    0.71782E+02
   0.28137E+02    0.45698E+02    0.30001E+04    0.71782E+02
   0.28137E+02    0.45698E+02    0.30001E+04    0.71782E+02
   0.28137E+02    0.45698E+02    0.30001E+04    0.71782E+02
   0.28137E+02    0.45698E+02    0.30001E+04    0.71782E+02
   0.28137E+02    0.45698E+02    0.30001E+04    0.71782E+02
   0.28137E+02    0.45698E+02    0.30001E+04    0.71782E+02
   0.28137E+02    0.45698E+02    0.30001E+04    0.71782E+02
   0.28137E+02    0.45698E+02    0.30001E+04    0.71782E+02
   0.28137E+02    0.45698E+02    0.30001E+04    0.71782E+02
   0.28137E+02    0.45698E+02    0.30001E+04    0.71782E+02
   0.28137E+02    0.45698E+02    0.30001E+04    0.71782E+02
   0.28137E+02    0.45698E+02    0.30001E+04    0.71782E+02
   0.28137E+02    0.45698E+02    0.30001E+04    0.71782E+02
   0.28137E+02    0.45698E+02    0.30001E+04    0.71782E+02
   0.28137E+02    0.45698E+02    0.30001E+04    0.71782E+02
   0.28137E+02    0.45698E+02    0.30001E+04    0.71782E+02
   0.28137E+02    0.45698E+02    0.30001E+04    0.71782E+02
   0.28137E+02    0.45698E+02    0.30001E+04    0.71782E+02
   0.28137E+02    0.45698E+02    0.30001E+04    0.71782E+02
   0.28137E+02    0.45698E+02    0.30001E+04    0.71782E+02
   0.28137E+02    0.45698E+02    0.30001E+04    0.71782E+02
   0.28137E+02    0.45698E+02    0.30001E+04    0.71782E+02
   0.28137E+02    0.45698E+02    0.30001E+04    0.71782E+02
   0.28137E+02    0.45698E+02    0.30001E+04    0.71782E+02
   0.28137E+02    0.45698E+02    0.30001E+04    0.71782E+02
   0.28137E+02    0.45698E+02    0.30001E+04    0.71782E+02
   0.28137E+02    0.45698E+02    0.30001E+04    0.71782E+02
   0.28137E+02    0.45698E+02    0.30001E+04    0.71782E+02
   0.28137E+02    0.45698E+02    0.30001E+04    0.71782E+02
   0.28137E+02    0.45698E+02    0.30001E+04    0.71782E+02
   0.28137E+02    0.45698E+02    0.30001E+04    0.71782E+02
   0.28137E+02    0.45698E+02    0.30001E+04    0.71782E+02
   0.28137E+02    0.45698E+02    0.30001E+04    0.71782E+02
   0.28137E+02    0.45698E+02    0.30001E+04    0.71782E+02
   0.28137E+02    0.45698E+02    0.30001E+04    0.71782E+02
   0.28137E+02    0.45698E+02    0.30001E+04    0.71782E+02
   0.28137E+02    0.45698E+02    0.30001E+04    0.71782E+02
   0.28137E+02    0.45698E+02    0.30001E+04    0.71782E+02
   0.28137E+02    0.45698E+02    0.30001E+04    0.71782E+02
   0.28137E+02    0.45698E+02    0.30001E+04    0.71782E+02
   0.28137E+02    0.45698E+02    0.30001E+04    0.71782E+02
   0.28137E+02    0.45698E+02    0.30001E+04    0.71782E+02
   0.28137E+02    0.45698E+02    0.30001E+04    0.71782E+02
   0.28137E+02    0.45698E+02    0.30001E+04    0.71782E+02
   0.28137E+02    0.45698E+02    0.30001E+04    0.71782E+02
   0.28137E+02    0.45698E+02    0.30001E+04    0.71782E+02
   0.28137E+02    0.45698E+02    0.30001E+04    0.71782E+02
   0.28137E+02    0.45698E+02    0.30001E+04    0.71782E+02
   0.28137E+02    0.45698E+02    0.30001E+04    0.71782E+02
   0.28137E+02    0.45698E+02    0.30001E+04    0.71782E+02
   0.28137E+02    0.45698E+02    0.30001E+04    0.71782E+02
   0.28137E+02    0.45698E+02    0.30001E+04    0.71782E+02
   0.28137E+02    0.45698E+02    0.30001E+04    0.71782E+02
   0.28137E+02    0.45698E+02    0.30001E+04    0.71782E+02
   0.28137E+02    0.45698E+02    0.30001E+04    0.71782E+02
   0.28137E+02    0.45698E+02    0.30001E+04    0.71782E+02
   0.28137E+02    0.45698E+02    0.30001E+04    0.71782E+02
   0.28137E+02    0.45698E+02    0.30001E+04    0.71782E+02
   0.28137E+02    0.45698E+02    0.30001E+04    0.71782E+02
   0.28137E+02    0.45698E+02    0.30001E+04    0.71782E+02
   0.28137E+02    0.45698E+02    0.30001E+04    0.71782E+02
   0.28137E+02    0.45698E+02    0.30001E+04    0.71782E+02
   0.28137E+02    0.45698E+02    0.30001E+04    0.71782E+02
   0.28137E+02    0.45698E+02    0.30001E+04    0.71782E+02
   0.28137E+02    0.45698E+02    0.30001E+04    0.71782E+02
   0.28137E+02    0.45698E+02    0.30001E+04    0.71782E+02
   0.28137E+02    0.45698E+02    0.30001E+04    0.71782E+02
   0.28137E+02    0.45698E+02    0.30001E+04    0.71782E+02
   0.28137E+02    0.45698E+02    0.30001E+04    0.71782E+02
   0.28137E+02    0.45698E+02    0.30001E+04    0.71782E+02
   0.28137E+02    0.45698E+02    0.30001E+04    0.71782E+02
   0.28137E+02    0.45698E+02    0.30001E+04    0.71782E+02
   0.28137E+02    0.45698E+02    0.30001E+04    0.71782E+02
   0.28137E+02    0.45698E+02    0.30001E+04    0.71782E+02
   0.28137E+02    0.45698E+02    0.30001E+04    0.71782E+02
   0.28137E+02    0.45698E+02    0.30001E+04    0.71782E+02
   0.28137E+02    0.45698E+02    0.30001E+04    0.71782E+02
   0.28137E+02    0.45698E+02    0.30001E+04    0.71782E+02
   0.28137E+02    0.45698E+02    0.30001E+04    0.71782E+02
   0.28137E+02    0.45698E+02    0.30001E+04    0.71782E+02
   0.28137E+02    0.45698E+02    0.30001E+04    0.71782E+02
   0.28137E+02    0.45698E+02    0.30001E+04    0.71782E+02
   0.28137E+02    0.45698E+02    0.30001E+04    0.71782E+02
   0.28137E+02    0.45698E+02    0.30001E+04    0.71782E+02
   0.28137E+02    0.45698E+02    0.30001E+04    0.71782E+02
   0.28137E+02    0.45698E+02    0.30001E+04    0.71782E+02
   0.28137E+02    0.45698E+02    0.30001E+04    0.71782E+02
   0.28137E+02    0.45698E+02    0.30001E+04    0.71782E+02
   0.28137E+02    0.45698E+02    0.30001E+04    0.71782E+02
   0.28137E+02    0.45698E+02    0.30001E+04    0.71782E+02
   0.28137E+02    0.45698E+02    0.30001E+04    0.71782E+02
   0.28137E+02    0.45698E+02    0.30001E+04    0.71782E+02
   0.28137E+02    0.45698E+02    0.30001E+04    0.71782E+02
   0.28137E+02    0.45698E+02    0.30001E+04    0.71782E+02
   0.28137E+02    0.45698E+02    0.30001E+04    0.71782E+02
   0.28137E+02    0.45698E+02    0.30001E+04    0.71782E+02
   0.28137E+02    0.45698E+02    0.30001E+04    0.71782E+02
   0.28137E+02    0.45698E+02    0.30001E+04    0.71782E+02
   0.28137E+02    0.45698E+02    0.30001E+04    0.71782E+02
   0.28137E+02    0.45698E+02    0.30001E+04    0.71782E+02
   0.28137E+02    0.45698E+02    0.30001E+04    0.71782E+02
   0.28137E+02    0.45698E+02    0.30001E+04    0.71782E+02
   0.28137E+02    0.45698E+02    0.30001E+04    0.71782E+02
   0.28137E+02    0.45698E+02    0.30001E+04    0.71782E+02
   0.28137E+02    0.45698E+02    0.30001E+04    0.71782E+02
   0.28137E+02    0.45698E+02    0.30001E+04    0.71782E+02
   0.28137E+02    0.45698E+02    0.30001E+04    0.71782E+02
   0.28137E+02    0.45698E+02    0.30001E+04    0.71782E+02
   0.28137E+02    0.45698E+02    0.30001E+04    0.71782E+02
   0.28137E+02    0.45698E+02    0.30001E+04    0.71782E+02
   0.28137E+02    0.45698E+02    0.30001E+04    0.71782E+02
   0.28137E+02    0.45698E+02    0.30001E+04    0.71782E+02
   0.28137E+02    0.45698E+02    0.30001E+04    0.71782E+02
   0.28137E+02    0.45698E+02    0.30001E+04    0.71782E+02
   0.28137E+02    0.45698E+02    0.30001E+04    0.71782E+02
   0.28137E+02    0.45698E+02    0.30001E+04    0.71782E+02
   0.28137E+02    0.45698E+02    0.30001E+04    0.71782E+02
   0.28137E+02    0.45698E+02    0.30001E+04    0.71782E+02
   0.28137E+02    0.45698E+02    0.30001E+04    0.71782E+02
   0.28137E+02    0.45698E+02    0.30001E+04    0.71782E+02
   0.28137E+02    0.45698E+02    0.30001E+04    0.71782E+02
   0.28137E+02    0.45698E+02    0.30001E+04    0.71782E+02
   0.28137E+02    0.45698E+02    0.30001E+04    0.71782E+02
   0.28137E+02    0.45698E+02    0.30001E+04    0.71782E+02
   0.28137E+02    0.45698E+02    0.30001E+04    0.71782E+02
   0.28137E+02    0.45698E+02    0.30001E+04    0.71782E+02
   0.28137E+02    0.45698E+02    0.30001E+04    0.71782E+02
   0.28137E+02    0.45698E+02    0.30001E+04    0.71782E+02
   0.28137E+02    0.45698E+02    0.30001E+04    0.71782E+02
   0.28137E+02    0.45698E+02    0.30001E+04    0.71782E+02
   0.28137E+02    0.45698E+02    0.30001E+04    0.71782E+02
   0.28137E+02    0.45698E+02    0.30001E+04    0.71782E+02
   0.28137E+02    0.45698E+02    0.30001E+04    0.71782E+02
   0.28137E+02    0.45698E+02    0.30001E+04    0.71782E+02
   0.28137E+02    0.45698E+02    0.30001E+04    0.71782E+02
   0.28137E+02    0.45698E+02    0.30001E+04    0.71782E+02
   0.28137E+02    0.45698E+02    0.30001E+04    0.71782E+02
   0.28137E+02    0.45698E+02    0.30001E+04    0.71782E+02
   0.28137E+02    0.45698E+02    0.30001E+04    0.71782E+02
   0.28137E+02    0.45698E+02    0.30001E+04    0.71782E+02
   0.28137E+02    0.45698E+02    0.30001E+04    0.71782E+02
   0.28137E+02    0.45698E+02    0.30001E+04    0.71782E+02
   0.28137E+02    0.45698E+02    0.30001E+04    0.71782E+02
   0.28137E+02    0.45698E+02    0.30001E+04    0.71782E+02
   0.28137E+02    0.45698E+02    0.30001E+04    0.71782E+02
   0.28137E+02    0.45698E+02    0.30001E+04    0.71782E+02
   0.28137E+02    0.45698E+02    0.30001E+04    0.71782E+02
   0.28137E+02    0.45698E+02    0.30001E+04    0.71782E+02
   0.28137E+02    0.45698E+02    0.30001E+04    0.71782E+02
   0.28137E+02    0.45698E+02    0.30001E+04    0.71782E+02
   0.28137E+02    0.45698E+02    0.30001E+04    0.71782E+02
   0.28137E+02    0.45698E+02    0.30001E+04    0.71782E+02
   0.28137E+02    0.45698E+02    0.30001E+04    0.71782E+02
   0.28137E+02    0.45698E+02    0.30001E+04    0.71782E+02
   0.28137E+02    0.45698E+02    0.30001E+04    0.71782E+02
   0.28137E+02    0.45698E+02    0.30001E+04    0.71782E+02
   0.28137E+02    0.45698E+02    0.30001E+04    0.71782E+02
   0.28137E+02    0.45698E+02    0.30001E+04    0.71782E+02
   0.28137E+02    0.45698E+02    0.30001E+04    0.71782E+02
   0.28137E+02    0.45698E+02    0.30001E+04    0.71782E+02
   0.28137E+02    0.45698E+02    0.30001E+04    0.71782E+02
   0.28137E+02    0.45698E+02    0.30001E+04    0.71782E+02
   0.28137E+02    0.45698E+02    0.30001E+04    0.71782E+02
   0.28137E+02    0.45698E+02    0.30001E+04    0.71782E+02
   0.28137E+02    0.45698E+02    0.30001E+04    0.71782E+02
   0.28137E+02    0.45698E+02    0.30001E+04    0.71782E+02
   0.28137E+02    0.45698E+02    0.30001E+04    0.71782E+02
   0.28137E+02    0.45698E+02    0.30001E+04    0.71782E+02
   0.28137E+02    0.45698E+02    0.30001E+04    0.71782E+02
   0.28137E+02    0.45698E+02    0.30001E+04    0.71782E+02
   0.28137E+02    0.45698E+02    0.30001E+04    0.71782E+02
   0.28137E+02    0.45698E+02    0.30001E+04    0.71782E+02
   0.28137E+02    0.45698E+02    0.30001E+04    0.71782E+02
   0.28137E+02    0.45698E+02    0.30001E+04    0.71782E+02
   0.28137E+02    0.45698E+02    0.30001E+04    0.71782E+02
   0.28137E+02    0.45698E+02    0.30001E+04    0.71782E+02
   0.28137E+02    0.45698E+02    0.30001E+04    0.71782E+02
   0.28137E+02    0.45698E+02    0.30001E+04    0.71782E+02
   0.28137E+02    0.45698E+02    0.30001E+04    0.71782E+02
   0.28137E+02    0.45698E+02    0.30001E+04    0.71782E+02
   0.28137E+02    0.45698E+02    0.30001E+04    0.71782E+02
   0.28137E+02    0.45698E+02    0.30001E+04    0.71782E+02
   0.28137E+02    0.45698E+02    0.30001E+04    0.71782E+02
   0.28137E+02    0.45698E+02    0.30001E+04    0.71782E+02
   0.28137E+02    0.45698E+02    0.30001E+04    0.71782E+02
   0.28137E+02    0.45698E+02    0.30001E+04    0.71782E+02
   0.28137E+02    0.45698E+02    0.30001E+04    0.71782E+02
   0.28137E+02    0.45698E+02    0.30001E+04    0.71782E+02
   0.28137E+02    0.45698E+02    0.30001E+04    0.71782E+02
   0.28137E+02    0.45698E+02    0.30001E+04    0.71782E+02
   0.28137E+02    0.45698E+02    0.30001E+04    0.71782E+02
   0.28137E+02    0.45698E+02    0.30001E+04    0.71782E+02
   0.28137E+02    0.45698E+02    0.30001E+04    0.71782E+02
   0.28137E+02    0.45698E+02    0.30001E+04    0.71782E+02
   0.28137E+02    0.45698E+02    0.30001E+04    0.71782E+02
   0.28137E+02    0.45698E+02    0.30001E+04    0.71782E+02
   0.28137E+02    0.45698E+02    0.30001E+04    0.71782E+02
   0.28137E+02    0.45698E+02    0.30001E+04    0.71782E+02
   0.28137E+02    0.45698E+02    0.30001E+04    0.71782E+02
   0.28137E+02    0.45698E+02    0.30001E+04    0.71782E+02
   0.28137E+02    0.45698E+02    0.30001E+04    0.71782E+02
   0.28137E+02    0.45698E+02    0.30001E+04    0.71782E+02
   0.28137E+02    0.45698E+02    0.30001E+04    0.71782E+02
   0.28137E+02    0.45698E+02    0.30001E+04    0.71782E+02
   0.28137E+02    0.45698E+02    0.30001E+04    0.71782E+02
   0.28137E+02    0.45698E+02    0.30001E+04    0.71782E+02
   0.28137E+02    0.45698E+02    0.30001E+04    0.71782E+02
   0.28137E+02    0.45698E+02    0.30001E+04    0.71782E+02
   0.28137E+02    0.45698E+02    0.30001E+04    0.71782E+02
   0.28137E+02    0.45698E+02    0.30001E+04    0.71782E+02
   0.28137E+02    0.45698E+02    0.30001E+04    0.71782E+02
   0.28137E+02    0.45698E+02    0.30001E+04    0.71782E+02
   0.28137E+02    0.45698E+02    0.30001E+04    0.71782E+02
   0.28137E+02    0.45698E+02    0.30001E+04    0.71782E+02
   0.28137E+02    0.45698E+02    0.30001E+04    0.71782E+02
   0.28137E+02    0.45698E+02    0.30001E+04    0.71782E+02
   0.28137E+02    0.45698E+02    0.30001E+04    0.71782E+02
   0.28137E+02    0.45698E+02    0.30001E+04    0.71782E+02
   0.28137E+02    0.45698E+02    0.30001E+04    0.71782E+02
   0.28137E+02    0.45698E+02    0.30001E+04    0.71782E+02
   0.28137E+02    0.45698E+02    0.30001E+04    0.71782E+02
   0.28137E+02    0.45698E+02    0.30001E+04    0.71782E+02
   0.28137E+02    0.45698E+02    0.30001E+04    0.71782E+02
   0.28137E+02    0.45698E+02    0.30001E+04    0.71782E+02
   0.28137E+02    0.45698E+02    0.30001E+04    0.71782E+02
   0.28137E+02    0.45698E+02    0.30001E+04    0.71782E+02
   0.28137E+02    0.45698E+02    0.30001E+04    0.71782E+02
   0.28137E+02    0.45698E+02    0.30001E+04    0.71782E+02
   0.28137E+02    0.45698E+02    0.30001E+04    0.71782E+02
   0.28137E+02    0.45698E+02    0.30001E+04    0.71782E+02
   0.28137E+02    0.45698E+02    0.30001E+04    0.71782E+02
   0.28137E+02    0.45698E+02    0.30001E+04    0.71782E+02
   0.28137E+02    0.45698E+02    0.30001E+04    0.71782E+02
   0.28137E+02    0.45698E+02    0.30001E+04    0.71782E+02
   0.28137E+02    0.45698E+02    0.30001E+04    0.71782E+02
   0.28137E+02    0.45698E+02    0.30001E+04    0.71782E+02
   0.28137E+02    0.45698E+02    0.30001E+04    0.71782E+02
   0.28137E+02    0.45698E+02    0.30001E+04    0.71782E+02
   0.28137E+02    0.45698E+02    0.30001E+04    0.71782E+02
   0.28137E+02    0.45698E+02    0.30001E+04    0.71782E+02
   0.28137E+02    0.45698E+02    0.30001E+04    0.71782E+02
   0.28137E+02    0.45698E+02    0.30001E+04    0.71782E+02
   0.28137E+02    0.45698E+02    0.30001E+04    0.71782E+02
   0.28137E+02    0.45698E+02    0.30001E+04    0.71782E+02
   0.28137E+02    0.45698E+02    0.30001E+04    0.71782E+02
   0.28137E+02    0.45698E+02    0.30001E+04    0.71782E+02
   0.28137E+02    0.45698E+02    0.30001E+04    0.71782E+02
   0.28137E+02    0.45698E+02    0.30001E+04    0.71782E+02
   0.28137E+02    0.45698E+02    0.30001E+04    0.71782E+02
   0.28137E+02    0.45698E+02    0.30001E+04    0.71782E+02
   0.28137E+02    0.45698E+02    0.30001E+04    0.71782E+02
   0.28137E+02    0.45698E+02    0.30001E+04    0.71782E+02
   0.28137E+02    0.45698E+02    0.30001E+04    0.71782E+02
   0.28137E+02    0.45698E+02    0.30001E+04    0.71782E+02
   0.28137E+02    0.45698E+02    0.30001E+04    0.71782E+02
   0.28137E+02    0.45698E+02    0.30001E+04    0.71782E+02
   0.28137E+02    0.45698E+02    0.30001E+04    0.71782E+02
   0.28137E+02    0.45698E+02    0.30001E+04    0.71782E+02
   0.28137E+02    0.45698E+02    0.30001E+04    0.71782E+02
   0.28137E+02    0.45698E+02    0.30001E+04    0.71782E+02
   0.28137E+02    0.45698E+02    0.30001E+04    0.71782E+02
   0.28137E+02    0.45698E+02    0.30001E+04    0.71782E+02
   0.28137E+02    0.45698E+02    0.30001E+04    0.71782E+02
   0.28137E+02    0.45698E+02    0.30001E+04    0.71782E+02
   0.28137E+02    0.45698E+02    0.30001E+04    0.71782E+02
   0.28137E+02    0.45698E+02    0.30001E+04    0.71782E+02
   0.28137E+02    0.45698E+02    0.30001E+04    0.71782E+02
   0.28137E+02    0.45698E+02    0.30001E+04    0.71782E+02
   0.28137E+02    0.45698E+02    0.30001E+04    0.71782E+02
   0.28137E+02    0.45698E+02    0.30001E+04    0.71782E+02
   0.28137E+02    0.45698E+02    0.30001E+04    0.71782E+02
   0.28137E+02    0.45698E+02    0.30001E+04    0.71782E+02
   0.28137E+02    0.45698E+02    0.30001E+04    0.71782E+02
   0.28137E+02    0.45698E+02    0.30001E+04    0.71782E+02
   0.28137E+02    0.45698E+02    0.30001E+04    0.71782E+02
   0.28137E+02    0.45698E+02    0.30001E+04    0.71782E+02
   0.28137E+02    0.45698E+02    0.30001E+04    0.71782E+02
   0.28137E+02    0.45698E+02    0.30001E+04    0.71782E+02
   0.28137E+02    0.45698E+02    0.30001E+04    0.71782E+02
   0.28137E+02    0.45698E+02    0.30001E+04    0.71782E+02
   0.28137E+02    0.45698E+02    0.30001E+04    0.71782E+02
   0.28137E+02    0.45698E+02    0.30001E+04    0.71782E+02
   0.28137E+02    0.45698E+02    0.30001E+04    0.71782E+02
   0.28137E+02    0.45698E+02    0.30001E+04    0.71782E+02
   0.28137E+02    0.45698E+02    0.30001E+04    0.71782E+02
   0.28137E+02    0.45698E+02    0.30001E+04    0.71782E+02
   0.28137E+02    0.45698E+02    0.30001E+04    0.71782E+02
   0.28137E+02    0.45698E+02    0.30001E+04    0.71782E+02
   0.28137E+02    0.45698E+02    0.30001E+04    0.71782E+02
   0.28137E+02    0.45698E+02    0.30001E+04    0.71782E+02
   0.28137E+02    0.45698E+02    0.30001E+04    0.71782E+02
   0.28137E+02    0.45698E+02    0.30001E+04    0.71782E+02
   0.28137E+02    0.45698E+02    0.30001E+04    0.71782E+02
   0.28137E+02    0.45698E+02    0.30001E+04    0.71782E+02
   0.28137E+02    0.45698E+02    0.30001E+04    0.71782E+02
   0.28137E+02    0.45698E+02    0.30001E+04    0.71782E+02
   0.28137E+02    0.45698E+02    0.30001E+04    0.71782E+02
   0.28137E+02    0.45698E+02    0.30001E+04    0.71782E+02
   0.28137E+02    0.45698E+02    0.30001E+04    0.71782E+02
   0.28137E+02    0.45698E+02    0.30001E+04    0.71782E+02
   0.28137E+02    0.45698E+02    0.30001E+04    0.71782E+02
   0.28137E+02    0.45698E+02    0.30001E+04    0.71782E+02
   0.28137E+02    0.45698E+02    0.30001E+04    0.71782E+02
   0.28137E+02    0.45698E+02    0.30001E+04    0.71782E+02
   0.28137E+02    0.45698E+02    0.30001E+04    0.71782E+02
   0.28137E+02    0.45698E+02    0.30001E+04    0.71782E+02
   0.28137E+02    0.45698E+02    0.30001E+04    0.71782E+02
   0.28137E+02    0.45698E+02    0.30001E+04    0.71782E+02
   0.28137E+02    0.45698E+02    0.30001E+04    0.71782E+02
   0.28137E+02    0.45698E+02    0.30001E+04    0.71782E+02
   0.28137E+02    0.45698E+02    0.30001E+04    0.71782E+02
   0.28137E+02    0.45698E+02    0.30001E+04    0.71782E+02
   0.28137E+02    0.45698E+02    0.30001E+04    0.71782E+02
   0.28137E+02    0.45698E+02    0.30001E+04    0.71782E+02
   0.28137E+02    0.45698E+02    0.30001E+04    0.71782E+02
   0.28137E+02    0.45698E+02    0.30001E+04    0.71782E+02
   0.28137E+02    0.45698E+02    0.30001E+04    0.71782E+02
   0.28137E+02    0.45698E+02    0.30001E+04    0.71782E+02
   0.28137E+02    0.45698E+02    0.30001E+04    0.71782E+02
   0.28137E+02    0.45698E+02    0.30001E+04    0.71782E+02
   0.28137E+02    0.45698E+02    0.30001E+04    0.71782E+02
   0.28137E+02    0.45698E+02    0.30001E+04    0.71782E+02
   0.28137E+02    0.45698E+02    0.30001E+04    0.71782E+02
   0.28137E+02    0.45698E+02    0.30001E+04    0.71782E+02
   0.28137E+02    0.45698E+02    0.30001E+04    0.71782E+02
   0.28137E+02    0.45698E+02    0.30001E+04    0.71782E+02
   0.28137E+02    0.45698E+02    0.30001E+04    0.71782E+02
   0.28137E+02    0.45698E+02    0.30001E+04    0.71782E+02
   0.28137E+02    0.45698E+02    0.30001E+04    0.71782E+02
   0.28137E+02    0.45698E+02    0.30001E+04    0.71782E+02
   0.28137E+02    0.45698E+02    0.30001E+04    0.71782E+02
   0.28137E+02    0.45698E+02    0.30001E+04    0.71782E+02
   0.28137E+02    0.45698E+02    0.30001E+04    0.71782E+02
   0.28137E+02    0.45698E+02    0.30001E+04    0.71782E+02
   0.28137E+02    0.45698E+02    0.30001E+04    0.71782E+02
   0.28137E+02    0.45698E+02    0.30001E+04    0.71782E+02
   0.28137E+02    0.45698E+02    0.30001E+04    0.71782E+02
   0.28137E+02    0.45698E+02    0.30001E+04    0.71782E+02
   0.28137E+02    0.45698E+02    0.30001E+04    0.71782E+02
   0.28137E+02    0.45698E+02    0.30001E+04    0.71782E+02
   0.28137E+02    0.45698E+02    0.30001E+04    0.71782E+02
   0.28137E+02    0.45698E+02    0.30001E+04    0.71782E+02
   0.28137E+02    0.45698E+02    0.30001E+04    0.71782E+02
   0.28137E+02    0.45698E+02    0.30001E+04    0.71782E+02
   0.28137E+02    0.45698E+02    0.30001E+04    0.71782E+02
   0.28137E+02    0.45698E+02    0.30001E+04    0.71782E+02
   0.28137E+02    0.45698E+02    0.30001E+04    0.71782E+02
   0.28137E+02    0.45698E+02    0.30001E+04    0.71782E+02
   0.28137E+02    0.45698E+02    0.30001E+04    0.71782E+02
   0.28137E+02    0.45698E+02    0.30001E+04    0.71782E+02
   0.28137E+02    0.45698E+02    0.30001E+04    0.71782E+02
   0.28137E+02    0.45698E+02    0.30001E+04    0.71782E+02
   0.28137E+02    0.45698E+02    0.30001E+04    0.71782E+02
   0.28137E+02    0.45698E+02    0.30001E+04    0.71782E+02
   0.28137E+02    0.45698E+02    0.30001E+04    0.71782E+02
   0.28137E+02    0.45698E+02    0.30001E+04    0.71782E+02
   0.28137E+02    0.45698E+02    0.30001E+04    0.71782E+02
   0.28137E+02    0.45698E+02    0.30001E+04    0.71782E+02
   0.28137E+02    0.45698E+02    0.30001E+04    0.71782E+02
   0.28137E+02    0.45698E+02    0.30001E+04    0.71782E+02
   0.28137E+02    0.45698E+02    0.30001E+04    0.71782E+02
   0.28137E+02    0.45698E+02    0.30001E+04    0.71782E+02
   0.28137E+02    0.45698E+02    0.30001E+04    0.71782E+02
   0.28137E+02    0.45698E+02    0.30001E+04    0.71782E+02
   0.28137E+02    0.45698E+02    0.30001E+04    0.71782E+02
   0.28137E+02    0.45698E+02    0.30001E+04    0.71782E+02
   0.28137E+02    0.45698E+02    0.30001E+04    0.71782E+02
   0.28137E+02    0.45698E+02    0.30001E+04    0.71782E+02
   0.28137E+02    0.45698E+02    0.30001E+04    0.71782E+02
   0.28137E+02    0.45698E+02    0.30001E+04    0.71782E+02
   0.28137E+02    0.45698E+02    0.30001E+04    0.71782E+02
   0.28137E+02    0.45698E+02    0.30001E+04    0.71782E+02
   0.28137E+02    0.45698E+02    0.30001E+04    0.71782E+02
   0.28137E+02    0.45698E+02    0.30001E+04    0.71782E+02
   0.28137E+02    0.45698E+02    0.30001E+04    0.71782E+02
   0.28137E+02    0.45698E+02    0.30001E+04    0.71782E+02
   0.28137E+02    0.45698E+02    0.30001E+04    0.71782E+02
   0.28137E+02    0.45698E+02    0.30001E+04    0.71782E+02
   0.28137E+02    0.45698E+02    0.30001E+04    0.71782E+02
   0.28137E+02    0.45698E+02    0.30001E+04    0.71782E+02
   0.28137E+02    0.45698E+02    0.30001E+04    0.71782E+02
   0.28137E+02    0.45698E+02    0.30001E+04    0.71782E+02
   0.28137E+02    0.45698E+02    0.30001E+04    0.71782E+02
   0.28137E+02    0.45698E+02    0.30001E+04    0.71782E+02
   0.28137E+02    0.45698E+02    0.30001E+04    0.71782E+02
   0.28137E+02    0.45698E+02    0.30001E+04    0.71782E+02
   0.28137E+02    0.45698E+02    0.30001E+04    0.71782E+02
   0.28137E+02    0.45698E+02    0.30001E+04    0.71782E+02
   0.28137E+02    0.45698E+02    0.30001E+04    0.71782E+02
   0.28137E+02    0.45698E+02    0.30001E+04    0.71782E+02
   0.28137E+02    0.45698E+02    0.30001E+04    0.71782E+02
   0.28137E+02    0.45698E+02    0.30001E+04    0.71782E+02
   0.28137E+02    0.45698E+02    0.30001E+04    0.71782E+02
   0.28137E+02    0.45698E+02    0.30001E+04    0.71782E+02
   0.28137E+02    0.45698E+02    0.30001E+04    0.71782E+02
   0.28137E+02    0.45698E+02    0.30001E+04    0.71782E+02
   0.28137E+02    0.45698E+02    0.30001E+04    0.71782E+02
   0.28137E+02    0.45698E+02    0.30001E+04    0.71782E+02
   0.28137E+02    0.45698E+02    0.30001E+04    0.71782E+02
   0.28137E+02    0.45698E+02    0.30001E+04    0.71782E+02
   0.28137E+02    0.45698E+02    0.30001E+04    0.71782E+02
   0.28137E+02    0.45698E+02    0.30001E+04    0.71782E+02
   0.28137E+02    0.45698E+02    0.30001E+04    0.71782E+02
   0.28137E+02    0.45698E+02    0.30001E+04    0.71782E+02
   0.28137E+02    0.45698E+02    0.30001E+04    0.71782E+02
   0.28137E+02    0.45698E+02    0.30001E+04    0.71782E+02
   0.28137E+02    0.45698E+02    0.30001E+04    0.71782E+02
   0.28137E+02    0.45698E+02    0.30001E+04    0.71782E+02
   0.28137E+02    0.45698E+02    0.30001E+04    0.71782E+02
   0.28137E+02    0.45698E+02    0.30001E+04    0.71782E+02
   0.28137E+02    0.45698E+02    0.30001E+04    0.71782E+02
   0.28137E+02    0.45698E+02    0.30001E+04    0.71782E+02
   0.28137E+02    0.45698E+02    0.30001E+04    0.71782E+02
   0.28137E+02    0.45698E+02    0.30001E+04    0.71782E+02
   0.28137E+02    0.45698E+02    0.30001E+04    0.71782E+02
   0.28137E+02    0.45698E+02    0.30001E+04    0.71782E+02
   0.28137E+02    0.45698E+02    0.30001E+04    0.71782E+02
   0.28137E+02    0.45698E+02    0.30001E+04    0.71782E+02
   0.28137E+02    0.45698E+02    0.30001E+04    0.71782E+02
   0.28137E+02    0.45698E+02    0.30001E+04    0.71782E+02
   0.28137E+02    0.45698E+02    0.30001E+04    0.71782E+02
   0.28137E+02    0.45698E+02    0.30001E+04    0.71782E+02
   0.28137E+02    0.45698E+02    0.30001E+04    0.71782E+02
   0.28137E+02    0.45698E+02    0.30001E+04    0.71782E+02
   0.28137E+02    0.45698E+02    0.30001E+04    0.71782E+02
   0.28137E+02    0.45698E+02    0.30001E+04    0.71782E+02
   0.28137E+02    0.45698E+02    0.30001E+04    0.71782E+02
   0.28137E+02    0.45698E+02    0.30001E+04    0.71782E+02
   0.28137E+02    0.45698E+02    0.30001E+04    0.71782E+02
   0.28137E+02    0.45698E+02    0.30001E+04    0.71782E+02
   0.28137E+02    0.45698E+02    0.30001E+04    0.71782E+02
   0.28137E+02    0.45698E+02    0.30001E+04    0.71782E+02
   0.28137E+02    0.45698E+02    0.30001E+04    0.71782E+02
   0.28137E+02    0.45698E+02    0.30001E+04    0.71782E+02
   0.28137E+02    0.45698E+02    0.30001E+04    0.71782E+02
   0.28137E+02    0.45698E+02    0.30001E+04    0.71782E+02
   0.28137E+02    0.45698E+02    0.30001E+04    0.71782E+02
   0.28137E+02    0.45698E+02    0.30001E+04    0.71782E+02
   0.28137E+02    0.45698E+02    0.30001E+04    0.71782E+02
   0.28137E+02    0.45698E+02    0.30001E+04    0.71782E+02
   0.28137E+02    0.45698E+02    0.30001E+04    0.71782E+02
   0.28137E+02    0.45698E+02    0.30001E+04    0.71782E+02
   0.28137E+02    0.45698E+02    0.30001E+04    0.71782E+02
   0.28137E+02    0.45698E+02    0.30001E+04    0.71782E+02
   0.28137E+02    0.45698E+02    0.30001E+04    0.71782E+02
   0.28137E+02    0.45698E+02    0.30001E+04    0.71782E+02
   0.28137E+02    0.45698E+02    0.30001E+04    0.71782E+02
   0.28137E+02    0.45698E+02    0.30001E+04    0.71782E+02
   0.28137E+02    0.45698E+02    0.30001E+04    0.71782E+02
   0.28137E+02    0.45698E+02    0.30001E+04    0.71782E+02
   0.28137E+02    0.45698E+02    0.30001E+04    0.71782E+02
   0.28137E+02    0.45698E+02    0.30001E+04    0.71782E+02
   0.28137E+02    0.45698E+02    0.30001E+04    0.71782E+02
   0.28137E+02    0.45698E+02    0.30001E+04    0.71782E+02
   0.28137E+02    0.45698E+02    0.30001E+04    0.71782E+02
   0.28137E+02    0.45698E+02    0.30001E+04    0.71782E+02
   0.28137E+02    0.45698E+02    0.30001E+04    0.71782E+02
   0.28137E+02    0.45698E+02    0.30001E+04    0.71782E+02
   0.28137E+02    0.45698E+02    0.30001E+04    0.71782E+02
   0.28137E+02    0.45698E+02    0.30001E+04    0.71782E+02
   0.28137E+02    0.45698E+02    0.30001E+04    0.71782E+02
   0.28137E+02    0.45698E+02    0.30001E+04    0.71782E+02
   0.28137E+02    0.45698E+02    0.30001E+04    0.71782E+02
   0.28137E+02    0.45698E+02    0.30001E+04    0.71782E+02
   0.28137E+02    0.45698E+02    0.30001E+04    0.71782E+02
   0.28137E+02    0.45698E+02    0.30001E+04    0.71782E+02
   0.28137E+02    0.45698E+02    0.30001E+04    0.71782E+02
   0.28137E+02    0.45698E+02    0.30001E+04    0.71782E+02
   0.28137E+02    0.45698E+02    0.30001E+04    0.71782E+02
   0.28137E+02    0.45698E+02    0.30001E+04    0.71782E+02
   0.28137E+02    0.45698E+02    0.30001E+04    0.71782E+02
   0.28137E+02    0.45698E+02    0.30001E+04    0.71782E+02
   0.28137E+02    0.45698E+02    0.30001E+04    0.71782E+02
   0.28137E+02    0.45698E+02    0.30001E+04    0.71782E+02
   0.28137E+02    0.45698E+02    0.30001E+04    0.71782E+02
   0.28137E+02    0.45698E+02    0.30001E+04    0.71782E+02
   0.28137E+02    0.45698E+02    0.30001E+04    0.71782E+02
   0.28137E+02    0.45698E+02    0.30001E+04    0.71782E+02
   0.28137E+02    0.45698E+02    0.30001E+04    0.71782E+02
   0.28137E+02    0.45698E+02    0.30001E+04    0.71782E+02
   0.28137E+02    0.45698E+02    0.30001E+04    0.71782E+02
   0.28137E+02    0.45698E+02    0.30001E+04    0.71782E+02
   0.28137E+02    0.45698E+02    0.30001E+04    0.71782E+02
   0.28137E+02    0.45698E+02    0.30001E+04    0.71782E+02
   0.28137E+02    0.45698E+02    0.30001E+04    0.71782E+02
   0.28137E+02    0.45698E+02    0.30001E+04    0.71782E+02
   0.28137E+02    0.45698E+02    0.30001E+04    0.71782E+02
   0.28137E+02    0.45698E+02    0.30001E+04    0.71782E+02
   0.28137E+02    0.45698E+02    0.30001E+04    0.71782E+02
   0.28137E+02    0.45698E+02    0.30001E+04    0.71782E+02
   0.28137E+02    0.45698E+02    0.30001E+04    0.71782E+02
   0.28137E+02    0.45698E+02    0.30001E+04    0.71782E+02
   0.28137E+02    0.45698E+02    0.30001E+04    0.71782E+02
   0.28137E+02    0.45698E+02    0.30001E+04    0.71782E+02
   0.28137E+02    0.45698E+02    0.30001E+04    0.71782E+02
   0.28137E+02    0.45698E+02    0.30001E+04    0.71782E+02
   0.28137E+02    0.45698E+02    0.30001E+04    0.71782E+02
   0.28137E+02    0.45698E+02    0.30001E+04    0.71782E+02
   0.28137E+02    0.45698E+02    0.30001E+04    0.71782E+02
   0.28137E+02    0.45698E+02    0.30001E+04    0.71782E+02
   0.28137E+02    0.45698E+02    0.30001E+04    0.71782E+02
   0.28137E+02    0.45698E+02    0.30001E+04    0.71782E+02
   0.28137E+02    0.45698E+02    0.30001E+04    0.71782E+02
   0.28137E+02    0.45698E+02    0.30001E+04    0.71782E+02
   0.28137E+02    0.45698E+02    0.30001E+04    0.71782E+02
   0.28137E+02    0.45698E+02    0.30001E+04    0.71782E+02
   0.28137E+02    0.45698E+02    0.30001E+04    0.71782E+02
   0.28137E+02    0.45698E+02    0.30001E+04    0.71782E+02
   0.28137E+02    0.45698E+02    0.30001E+04    0.71782E+02
   0.28137E+02    0.45698E+02    0.30001E+04    0.71782E+02
   0.28137E+02    0.45698E+02    0.30001E+04    0.71782E+02
   0.28137E+02    0.45698E+02    0.30001E+04    0.71782E+02
   0.28137E+02    0.45698E+02    0.30001E+04    0.71782E+02
   0.28137E+02    0.45698E+02    0.30001E+04    0.71782E+02
   0.28137E+02    0.45698E+02    0.30001E+04    0.71782E+02
   0.28137E+02    0.45698E+02    0.30001E+04    0.71782E+02
   0.28137E+02    0.45698E+02    0.30001E+04    0.71782E+02
   0.28137E+02    0.45698E+02    0.30001E+04    0.71782E+02
   0.28137E+02    0.45698E+02    0.30001E+04    0.71782E+02
   0.28137E+02    0.45698E+02    0.30001E+04    0.71782E+02
   0.28137E+02    0.45698E+02    0.30001E+04    0.71782E+02
   0.28137E+02    0.45698E+02    0.30001E+04    0.71782E+02
   0.28137E+02    0.45698E+02    0.30001E+04    0.71782E+02
   0.28137E+02    0.45698E+02    0.30001E+04    0.71782E+02
   0.28137E+02    0.45698E+02    0.30001E+04    0.71782E+02
   0.28137E+02    0.45698E+02    0.30001E+04    0.71782E+02
   0.28137E+02    0.45698E+02    0.30001E+04    0.71782E+02
   0.28137E+02    0.45698E+02    0.30001E+04    0.71782E+02
   0.28137E+02    0.45698E+02    0.30001E+04    0.71782E+02
   0.28137E+02    0.45698E+02    0.30001E+04    0.71782E+02
   0.28137E+02    0.45698E+02    0.30001E+04    0.71782E+02
   0.28137E+02    0.45698E+02    0.30001E+04    0.71782E+02
   0.28137E+02    0.45698E+02    0.30001E+04    0.71782E+02
   0.28137E+02    0.45698E+02    0.30001E+04    0.71782E+02
   0.28137E+02    0.45698E+02    0.30001E+04    0.71782E+02
   0.28137E+02    0.45698E+02    0.30001E+04    0.71782E+02
   0.28137E+02    0.45698E+02    0.30001E+04    0.71782E+02
   0.28137E+02    0.45698E+02    0.30001E+04    0.71782E+02
   0.28137E+02    0.45698E+02    0.30001E+04    0.71782E+02
   0.28137E+02    0.45698E+02    0.30001E+04    0.71782E+02
   0.28137E+02    0.45698E+02    0.30001E+04    0.71782E+02
   0.28137E+02    0.45698E+02    0.30001E+04    0.71782E+02
   0.28137E+02    0.45698E+02    0.30001E+04    0.71782E+02
   0.28137E+02    0.45698E+02    0.30001E+04    0.71782E+02
   0.28137E+02    0.45698E+02    0.30001E+04    0.71782E+02
   0.28137E+02    0.45698E+02    0.30001E+04    0.71782E+02
   0.28137E+02    0.45698E+02    0.30001E+04    0.71782E+02
   0.28137E+02    0.45698E+02    0.30001E+04    0.71782E+02
   0.28137E+02    0.45698E+02    0.30001E+04    0.71782E+02
   0.28137E+02    0.45698E+02    0.30001E+04    0.71782E+02
   0.28137E+02    0.45698E+02    0.30001E+04    0.71782E+02
   0.28137E+02    0.45698E+02    0.30001E+04    0.71782E+02
   0.28137E+02    0.45698E+02    0.30001E+04    0.71782E+02
   0.28137E+02    0.45698E+02    0.30001E+04    0.71782E+02
   0.28137E+02    0.45698E+02    0.30001E+04    0.71782E+02
   0.28137E+02    0.45698E+02    0.30001E+04    0.71782E+02
   0.28137E+02    0.45698E+02    0.30001E+04    0.71782E+02
   0.28137E+02    0.45698E+02    0.30001E+04    0.71782E+02
   0.28137E+02    0.45698E+02    0.30001E+04    0.71782E+02
   0.28137E+02    0.45698E+02    0.30001E+04    0.71782E+02
   0.28137E+02    0.45698E+02    0.30001E+04    0.71782E+02
   0.28137E+02    0.45698E+02    0.30001E+04    0.71782E+02
   0.28137E+02    0.45698E+02    0.30001E+04    0.71782E+02
   0.28137E+02    0.45698E+02    0.30001E+04    0.71782E+02
   0.28137E+02    0.45698E+02    0.30001E+04    0.71782E+02
   0.28137E+02    0.45698E+02    0.30001E+04    0.71782E+02
   0.28137E+02    0.45698E+02    0.30001E+04    0.71782E+02
   0.28137E+02    0.45698E+02    0.30001E+04    0.71782E+02
   0.28137E+02    0.45698E+02    0.30001E+04    0.71782E+02
   0.28137E+02    0.45698E+02    0.30001E+04    0.71782E+02
   0.28137E+02    0.45698E+02    0.30001E+04    0.71782E+02
   0.28137E+02    0.45698E+02    0.30001E+04    0.71782E+02
   0.28137E+02    0.45698E+02    0.30001E+04    0.71782E+02
   0.28137E+02    0.45698E+02    0.30001E+04    0.71782E+02
   0.28137E+02    0.45698E+02    0.30001E+04    0.71782E+02
   0.28137E+02    0.45698E+02    0.30001E+04    0.71782E+02
   0.28137E+02    0.45698E+02    0.30001E+04    0.71782E+02
   0.28137E+02    0.45698E+02    0.30001E+04    0.71782E+02
   0.28137E+02    0.45698E+02    0.30001E+04    0.71782E+02
   0.28137E+02    0.45698E+02    0.30001E+04    0.71782E+02
   0.28137E+02    0.45698E+02    0.30001E+04    0.71782E+02
   0.28137E+02    0.45698E+02    0.30001E+04    0.71782E+02
   0.28137E+02    0.45698E+02    0.30001E+04    0.71782E+02
   0.28137E+02    0.45698E+02    0.30001E+04    0.71782E+02
   0.28137E+02    0.45698E+02    0.30001E+04    0.71782E+02
   0.28137E+02    0.45698E+02    0.30001E+04    0.71782E+02
   0.28137E+02    0.45698E+02    0.30001E+04    0.71782E+02
   0.28137E+02    0.45698E+02    0.30001E+04    0.71782E+02
   0.28137E+02    0.45698E+02    0.30001E+04    0.71782E+02
   0.28137E+02    0.45698E+02    0.30001E+04    0.71782E+02
   0.28137E+02    0.45698E+02    0.30001E+04    0.71782E+02
   0.28137E+02    0.45698E+02    0.30001E+04    0.71782E+02
   0.28137E+02    0.45698E+02    0.30001E+04    0.71782E+02
   0.28137E+02    0.45698E+02    0.30001E+04    0.71782E+02
   0.28137E+02    0.45698E+02    0.30001E+04    0.71782E+02
   0.28137E+02    0.45698E+02    0.30001E+04    0.71782E+02
   0.28137E+02    0.45698E+02    0.30001E+04    0.71782E+02
   0.28137E+02    0.45698E+02    0.30001E+04    0.71782E+02
   0.28137E+02    0.45698E+02    0.30001E+04    0.71782E+02
   0.28137E+02    0.45698E+02    0.30001E+04    0.71782E+02
   0.28137E+02    0.45698E+02    0.30001E+04    0.71782E+02
   0.28137E+02    0.45698E+02    0.30001E+04    0.71782E+02
   0.28137E+02    0.45698E+02    0.30001E+04    0.71782E+02
   0.28137E+02    0.45698E+02    0.30001E+04    0.71782E+02
   0.28137E+02    0.45698E+02    0.30001E+04    0.71782E+02
   0.28137E+02    0.45698E+02    0.30001E+04    0.71782E+02
   0.28137E+02    0.45698E+02    0.30001E+04    0.71782E+02
   0.28137E+02    0.45698E+02    0.30001E+04    0.71782E+02
   0.28137E+02    0.45698E+02    0.30001E+04    0.71782E+02
   0.28137E+02    0.45698E+02    0.30001E+04    0.71782E+02
   0.28137E+02    0.45698E+02    0.30001E+04    0.71782E+02
   0.28137E+02    0.45698E+02    0.30001E+04    0.71782E+02
   0.28137E+02    0.45698E+02    0.30001E+04    0.71782E+02
   0.28137E+02    0.45698E+02    0.30001E+04    0.71782E+02
   0.28137E+02    0.45698E+02    0.30001E+04    0.71782E+02
   0.28137E+02    0.45698E+02    0.30001E+04    0.71782E+02
   0.28137E+02    0.45698E+02    0.30001E+04    0.71782E+02
   0.28137E+02    0.45698E+02    0.30001E+04    0.71782E+02
   0.28137E+02    0.45698E+02    0.30001E+04    0.71782E+02
   0.28137E+02    0.45698E+02    0.30001E+04    0.71782E+02
   0.28137E+02    0.45698E+02    0.30001E+04    0.71782E+02
   0.28137E+02    0.45698E+02    0.30001E+04    0.71782E+02
   0.28137E+02    0.45698E+02    0.30001E+04    0.71782E+02
   0.28137E+02    0.45698E+02    0.30001E+04    0.71782E+02
   0.28137E+02    0.45698E+02    0.30001E+04    0.71782E+02
   0.28137E+02    0.45698E+02    0.30001E+04    0.71782E+02
   0.28137E+02    0.45698E+02    0.30001E+04    0.71782E+02
   0.28137E+02    0.45698E+02    0.30001E+04    0.71782E+02
   0.28137E+02    0.45698E+02    0.30001E+04    0.71782E+02
   0.28137E+02    0.45698E+02    0.30001E+04    0.71782E+02
   0.28137E+02    0.45698E+02    0.30001E+04    0.71782E+02
   0.28137E+02    0.45698E+02    0.30001E+04    0.71782E+02
   0.28137E+02    0.45698E+02    0.30001E+04    0.71782E+02
   0.28137E+02    0.45698E+02    0.30001E+04    0.71782E+02
   0.28137E+02    0.45698E+02    0.30001E+04    0.71782E+02
   0.28137E+02    0.45698E+02    0.30001E+04    0.71782E+02
   0.28137E+02    0.45698E+02    0.30001E+04    0.71782E+02
   0.28137E+02    0.45698E+02    0.30001E+04    0.71782E+02
   0.28137E+02    0.45698E+02    0.30001E+04    0.71782E+02
   0.28137E+02    0.45698E+02    0.30001E+04    0.71782E+02
   0.28137E+02    0.45698E+02    0.30001E+04    0.71782E+02
   0.28137E+02    0.45698E+02    0.30001E+04    0.71782E+02
   0.28137E+02    0.45698E+02    0.30001E+04    0.71782E+02
   0.28137E+02    0.45698E+02    0.30001E+04    0.71782E+02
   0.28137E+02    0.45698E+02    0.30001E+04    0.71782E+02
   0.28137E+02    0.45698E+02    0.30001E+04    0.71782E+02
   0.28137E+02    0.45698E+02    0.30001E+04    0.71782E+02
   0.28137E+02    0.45698E+02    0.30001E+04    0.71782E+02
   0.28137E+02    0.45698E+02    0.30001E+04    0.71782E+02
   0.28137E+02    0.45698E+02    0.30001E+04    0.71782E+02
   0.28137E+02    0.45698E+02    0.30001E+04    0.71782E+02
   0.28137E+02    0.45698E+02    0.30001E+04    0.71782E+02
   0.28137E+02    0.45698E+02    0.30001E+04    0.71782E+02
